2696 2697
2704 2705
3008 3009
3016 3017
3088 3089
3112 3113
3016 3116
3176 3177
3248 3249
3320 3321
3336 3337
3344 3345
3432 3433
3440 3441
3344 3443
3456 3457
3528 3529
3560 3561
2601 2702
2793 2794
2705 2805
2793 2892
3009 3010
3017 3018
3113 3114
3177 3178
3185 3186
3185 3284
3321 3322
3337 3338
3345 3346
3249 3350
3353 3354
3433 3434
3441 3442
3353 3452
3457 3458
3465 3466
3369 3468
3529 3530
3561 3562
3465 3565
2794 2795
3010 3011
3114 3115
3018 3119
3178 3278
3282 3283
3322 3323
3338 3339
3346 3347
3354 3355
3442 3443
3450 3451
3458 3459
3466 3467
3562 3563
3011 3112
3115 3116
3075 3175
3075 3176
3283 3284
3219 3320
3235 3335
3235 3336
3339 3340
3323 3423
3451 3452
3355 3455
3467 3468
3459 3560
3563 3663
2892 2992
2908 3008
3340 3440
3524 3624
2501 2601
2805 2806
3173 3174
3181 3182
3269 3270
3173 3272
3181 3280
3269 3369
3525 3526
3525 3624
3565 3664
2598 2697
2702 2703
2806 2807
2990 2991
3086 3087
2990 3089
3174 3175
3086 3186
3270 3271
3278 3279
3182 3282
3430 3431
3350 3450
3526 3527
3430 3530
2695 2696
2703 2704
2695 2795
2807 2908
2991 2992
3087 3088
3119 3219
3247 3248
3271 3272
3279 3280
3247 3347
3431 3432
3335 3434
3455 3456
3423 3524
3527 3528
3663 3664
