1936 1937
2040 2141
2088 2189
2216 2217
2312 2313
2320 2321
2344 2345
2480 2481
2480 2580
2496 2597
2656 2756
2656 2757
2960 2961
3264 3265
1937 1938
2209 2210
2217 2218
2185 2284
2209 2309
2313 2314
2321 2322
2345 2346
2393 2493
2961 3061
3265 3366
1938 2038
2282 2283
2210 2311
2218 2319
2346 2347
2282 2382
2650 2651
2754 2755
2778 2877
2858 2959
3162 3262
3466 3467
3370 3469
2027 2028
2123 2124
2027 2127
2123 2222
2283 2284
2291 2292
2307 2308
2243 2344
2395 2396
2403 2404
2307 2406
2347 2447
2395 2494
2403 2503
2579 2580
2651 2652
2579 2678
2755 2756
2875 2876
2875 2975
3171 3270
3467 3468
1932 1933
2028 2029
1932 2031
2124 2125
2308 2309
2292 2393
2404 2405
2396 2496
2548 2549
2652 2653
2972 2973
2876 2977
2972 3071
3468 3469
1933 1934
2029 2030
2085 2086
2125 2126
2141 2142
2085 2185
2189 2190
2405 2406
2493 2494
2501 2502
2549 2550
2597 2598
2653 2754
2757 2758
2973 2974
2877 2977
3061 3162
1934 1935
2030 2031
2038 2039
2086 2087
2126 2127
2142 2143
2190 2191
2214 2215
2214 2314
2222 2322
2382 2481
2502 2503
2550 2650
2678 2778
2758 2858
2974 3074
3262 3263
3270 3370
3366 3466
1935 1936
2039 2040
2087 2088
2215 2216
2143 2243
2191 2291
2311 2312
2319 2320
2447 2548
2959 2960
2975 3074
3071 3171
3263 3264
