0 259
5 600
11 911
911 912
912 913
913 914
914 915
915 956
956 961
961 968
968 976
976 984
984 994
994 1005
1005 1017
1017 1029
1029 1042
1042 1057
1057 1073
1073 1090
1090 1108
1108 1127
1127 1146
1146 1166
1166 1187
1187 1210
1210 1233
1233 1257
1257 1282
1282 1309
1309 1336
1336 1364
1364 1393
770 1393
3416 3417
3417 3418
3418 3419
770 3419
3416 3433
3450 3451
3433 3451
3466 3467
3467 3468
3468 3469
3450 3469
3466 3486
3506 3507
3486 3507
3527 3528
3506 3528
3549 3550
3527 3550
3572 3573
3549 3573
3572 3597
3597 3623
3647 3648
3648 3649
3649 3650
3623 3650
3647 3675
3675 3704
599 600
598 599
598 3704
5 166
165 166
164 165
163 164
162 163
161 162
160 161
160 7938
155 7972
154 155
153 154
152 153
145 8148
7938 7945
7945 7953
7953 7962
7962 7972
8148 8171
8171 8194
8194 8218
8218 8243
8243 8269
8295 8296
8269 8296
8295 8323
8323 8352
259 8352
152 9431
9431 9447
9447 9463
9463 9481
9481 9500
9500 9520
9520 9541
9541 9542
145 9542
