0 43
11 787
787 2802
2802 2803
2803 2806
2806 2809
2809 2814
2814 2820
2820 2827
2827 2834
2834 2843
2843 2853
2853 2864
2864 2875
2875 2888
2888 2902
2902 2916
2916 2931
2931 2948
2948 2966
2966 2984
2984 3004
3004 3025
3025 3047
3047 3070
3070 3094
3094 3119
3119 3145
3145 3172
3172 3173
3173 3201
3201 3229
3229 3259
640 3259
640 5402
5402 5425
5425 5449
5449 5475
5500 5501
5475 5501
5500 5527
5527 5555
5555 5584
332 333
331 332
330 331
330 5584
333 7518
7518 7530
7530 7544
7544 7559
7559 7574
7574 7590
7590 7607
7607 7626
7626 7646
7646 7667
7667 7689
7689 7711
7711 7734
7734 7759
7759 7785
7785 7812
7812 7840
7840 7869
7869 7898
124 7898
124 9502
9502 9523
9523 9545
9545 9568
9568 9569
9569 9570
9570 9571
9571 9595
9595 9596
9596 9597
9597 9598
9598 9599
9599 9600
9600 9625
9625 9651
9651 9652
9652 9653
9653 9654
9654 9655
9655 9682
9682 9710
9710 9711
9711 9712
9712 9741
9741 9742
9742 9743
9743 9744
9744 9774
45 9774
44 45
43 44
