11 848
847 848
847 943
840 970
839 840
838 839
943 946
946 949
949 953
953 959
959 965
970 971
971 972
965 972
838 2867
2867 2878
2878 2890
2890 2904
2904 2919
2919 2934
2934 2950
2950 2968
2968 2987
2987 3006
3006 3027
3027 3048
3048 3070
3070 3093
3093 3117
3117 3143
3143 3170
3170 3198
3198 3227
3227 3257
641 3257
379 380
378 379
377 378
376 377
375 376
374 375
373 374
372 373
371 372
370 371
369 370
641 5379
5379 5401
5401 5425
5425 5450
5450 5476
5476 5503
5503 5531
5531 5560
5560 5590
323 5590
323 7453
7453 7456
7456 7457
380 7457
369 7571
7571 7586
7586 7603
7603 7621
7621 7640
7640 7660
7660 7681
7681 7703
7703 7726
7726 7749
7749 7773
7773 7799
7799 7826
7826 7853
7853 7881
7881 7910
112 7910
151 152
150 151
150 8053
8053 8070
8070 8088
8088 8107
8107 8127
8127 8148
8148 8170
8170 8193
8193 8217
8217 8242
8242 8268
8268 8295
8295 8323
8323 8352
259 8352
112 9340
9340 9349
9349 9359
9359 9360
9360 9361
9361 9362
9362 9363
9363 9374
9374 9375
9375 9376
9376 9377
9377 9389
9389 9402
9402 9416
152 9416
