-32.0429382324218750 0.0 -9.0000000000000000
-30.3108882904052734 0.0 -9.0000000000000000
-28.5788383483886719 0.0 -9.0000000000000000
-26.8467884063720703 0.0 -9.0000000000000000
-25.1147365570068359 0.0 -9.0000000000000000
-23.3826866149902344 0.0 -9.0000000000000000
-21.6506347656250000 0.0 -9.0000000000000000
-39.8371696472167969 0.0 -7.5000000000000000
-38.1051177978515625 0.0 -7.5000000000000000
-36.3730659484863281 0.0 -7.5000000000000000
-34.6410179138183594 0.0 -7.5000000000000000
-32.9089660644531250 0.0 -7.5000000000000000
-20.7846088409423828 0.0 -7.5000000000000000
-19.0525588989257812 0.0 -7.5000000000000000
-17.3205089569091797 0.0 -7.5000000000000000
60.6217765808105469 0.0 -7.5000000000000000
62.3538284301757812 0.0 -7.5000000000000000
64.0858764648437500 0.0 -7.5000000000000000
65.8179321289062500 0.0 -7.5000000000000000
-47.6313972473144531 0.0 -6.0000000000000000
-45.8993453979492188 0.0 -6.0000000000000000
-44.1672973632812500 0.0 -6.0000000000000000
-42.4352455139160156 0.0 -6.0000000000000000
-40.7031936645507812 0.0 -6.0000000000000000
-16.4544830322265625 0.0 -6.0000000000000000
-14.7224321365356445 0.0 -6.0000000000000000
-12.9903812408447266 0.0 -6.0000000000000000
59.7557525634765625 0.0 -6.0000000000000000
66.6839523315429688 0.0 -6.0000000000000000
68.4160079956054688 0.0 -6.0000000000000000
70.1480560302734375 0.0 -6.0000000000000000
-71.0140838623046875 0.0 -4.5000000000000000
-69.2820358276367188 0.0 -4.5000000000000000
-62.3538284301757812 0.0 -4.5000000000000000
-60.6217765808105469 0.0 -4.5000000000000000
-58.8897285461425781 0.0 -4.5000000000000000
-57.1576766967773438 0.0 -4.5000000000000000
-55.4256248474121094 0.0 -4.5000000000000000
-48.4974212646484375 0.0 -4.5000000000000000
-12.1243553161621094 0.0 -4.5000000000000000
55.4256248474121094 0.0 -4.5000000000000000
57.1576766967773438 0.0 -4.5000000000000000
58.8897285461425781 0.0 -4.5000000000000000
71.0140838623046875 0.0 -4.5000000000000000
72.7461318969726562 0.0 -4.5000000000000000
-75.3442077636718750 0.0 -3.0000000000000000
-73.6121597290039062 0.0 -3.0000000000000000
-71.8801116943359375 0.0 -3.0000000000000000
-68.4160079956054688 0.0 -3.0000000000000000
-66.6839523315429688 0.0 -3.0000000000000000
-64.9519042968750000 0.0 -3.0000000000000000
-63.2198562622070312 0.0 -3.0000000000000000
-54.5596008300781250 0.0 -3.0000000000000000
-52.8275489807128906 0.0 -3.0000000000000000
-51.0954971313476562 0.0 -3.0000000000000000
-49.3634490966796875 0.0 -3.0000000000000000
-11.2583303451538086 0.0 -3.0000000000000000
-9.5262794494628906 0.0 -3.0000000000000000
-7.7942290306091309 0.0 -3.0000000000000000
-6.0621781349182129 0.0 -3.0000000000000000
54.5596008300781250 0.0 -3.0000000000000000
73.6121597290039062 0.0 -3.0000000000000000
77.0762634277343750 0.0 -3.0000000000000000
78.8083114624023438 0.0 -3.0000000000000000
-81.4063873291015625 0.0 -1.5000000000000000
-79.6743392944335938 0.0 -1.5000000000000000
-77.9422836303710938 0.0 -1.5000000000000000
-76.2102355957031250 0.0 -1.5000000000000000
-5.1961522102355957 0.0 -1.5000000000000000
51.9615249633789062 0.0 -1.5000000000000000
53.6935768127441406 0.0 -1.5000000000000000
74.4781875610351562 0.0 -1.5000000000000000
76.2102355957031250 0.0 -1.5000000000000000
79.6743392944335938 0.0 -1.5000000000000000
-85.7365112304687500 0.0 0.0000000000000000
-84.0044631958007812 0.0 0.0000000000000000
-82.2724151611328125 0.0 0.0000000000000000
-4.3301267623901367 0.0 0.0000000000000000
-2.5980761051177979 0.0 0.0000000000000000
0.8660249710083008 0.0 0.0000000000000000
49.3634490966796875 0.0 0.0000000000000000
51.0954971313476562 0.0 0.0000000000000000
80.5403594970703125 0.0 0.0000000000000000
82.2724151611328125 0.0 0.0000000000000000
0.0000000000000000 0.0 1.5000000000000000
1.7320510149002075 0.0 1.5000000000000000
3.4641020298004150 0.0 1.5000000000000000
5.1961522102355957 0.0 1.5000000000000000
10.3923044204711914 0.0 1.5000000000000000
48.4974212646484375 0.0 1.5000000000000000
6.0621781349182129 0.0 3.0000000000000000
7.7942290306091309 0.0 3.0000000000000000
9.5262794494628906 0.0 3.0000000000000000
11.2583303451538086 0.0 3.0000000000000000
12.9903812408447266 0.0 3.0000000000000000
47.6313972473144531 0.0 3.0000000000000000
13.8564062118530273 0.0 4.5000000000000000
43.3012695312500000 0.0 4.5000000000000000
45.0333213806152344 0.0 4.5000000000000000
46.7653732299804688 0.0 4.5000000000000000
14.7224321365356445 0.0 6.0000000000000000
16.4544830322265625 0.0 6.0000000000000000
18.1865329742431641 0.0 6.0000000000000000
37.2390937805175781 0.0 6.0000000000000000
38.9711418151855469 0.0 6.0000000000000000
40.7031936645507812 0.0 6.0000000000000000
42.4352455139160156 0.0 6.0000000000000000
45.8993453979492188 0.0 6.0000000000000000
19.0525588989257812 0.0 7.5000000000000000
36.3730659484863281 0.0 7.5000000000000000
41.5692176818847656 0.0 7.5000000000000000
19.9185848236083984 0.0 9.0000000000000000
35.5070419311523438 0.0 9.0000000000000000
20.7846088409423828 0.0 10.5000000000000000
22.5166606903076172 0.0 10.5000000000000000
24.2487106323242188 0.0 10.5000000000000000
25.9807624816894531 0.0 10.5000000000000000
34.6410179138183594 0.0 10.5000000000000000
26.8467884063720703 0.0 12.0000000000000000
33.7749900817871094 0.0 12.0000000000000000
27.7128124237060547 0.0 13.5000000000000000
29.4448642730712891 0.0 13.5000000000000000
31.1769142150878906 0.0 13.5000000000000000
32.9089660644531250 0.0 13.5000000000000000
