1
1352 1353
1264 1365
1456 1457
1368 1468
1744 1745
1816 1817
1744 1843
1920 1921
1840 1941
2088 2189
2304 2305
1353 1354
1449 1450
1457 1458
1449 1549
1881 1882
1817 1918
1985 1986
2009 2109
2089 2189
2089 2190
2305 2306
2401 2402
2401 2501
2497 2598
1354 1355
1722 1723
1722 1821
1826 1827
1842 1843
1882 1883
1842 1942
1986 1987
2010 2011
1938 2037
2394 2395
1355 1455
1675 1676
1723 1724
1779 1780
1827 1828
1883 1884
1931 1932
1987 1988
2011 2012
1915 2014
2035 2036
2107 2108
2107 2206
2291 2292
2395 2396
1260 1261
1260 1360
1468 1469
1548 1549
1572 1573
1548 1647
1676 1677
1724 1725
1780 1781
1828 1829
1932 1933
1884 1985
2012 2013
2036 2037
1988 2088
2108 2109
2292 2293
2396 2397
1261 1262
1365 1366
1469 1470
1573 1574
1645 1646
1677 1678
1725 1726
1645 1745
1829 1830
1781 1881
1821 1921
1933 1934
1941 1942
2013 2014
2293 2394
2397 2497
1262 1263
1366 1367
1470 1471
1574 1575
1646 1647
1678 1779
1726 1826
1838 1839
1918 1919
1830 1931
1934 1935
1838 1938
1910 2009
1910 2010
2190 2191
2206 2306
1263 1264
1351 1352
1359 1360
1367 1368
1351 1450
1455 1456
1359 1458
1471 1572
1575 1675
1815 1816
1839 1840
1815 1915
1919 1920
1935 2035
2191 2291
2303 2304
2303 2402
