0 259 136
5 600 353
10 786 818
848 911 11
847 942 848
846 943 847
845 945 846
844 948 845
843 952 844
842 957 843
841 963 842
840 970 841
839 978 840
838 987 839
837 997 838
836 1008 837
835 1020 836
834 1033 835
833 1047 834
832 1062 833
831 1078 832
830 1095 831
829 1113 830
828 1132 829
827 1152 828
826 1173 827
825 1195 826
824 1218 825
823 1242 824
822 1267 823
821 1293 822
820 1320 821
819 1348 820
818 1377 819
848 942 911
942 912 911
847 943 942
943 944 942
942 944 912
944 913 912
846 945 943
945 946 943
943 946 944
946 947 944
944 947 913
947 914 913
845 948 945
948 949 945
945 949 946
949 950 946
946 950 947
950 951 947
947 951 914
951 915 914
844 952 948
952 953 948
948 953 949
953 954 949
949 954 950
954 955 950
950 955 951
955 956 951
951 956 915
843 957 952
957 958 952
952 958 953
958 959 953
953 959 954
959 960 954
954 960 955
960 961 955
955 961 956
842 963 957
963 964 957
957 964 958
964 965 958
958 965 959
965 966 959
959 966 960
966 967 960
960 967 961
967 968 961
841 970 963
970 971 963
963 971 964
971 972 964
964 972 965
972 973 965
965 973 966
973 974 966
966 974 967
974 975 967
967 975 968
975 976 968
840 978 970
978 979 970
970 979 971
979 980 971
971 980 972
980 981 972
972 981 973
981 982 973
973 982 974
982 983 974
974 983 975
983 984 975
975 984 976
839 987 978
987 988 978
978 988 979
988 989 979
979 989 980
989 990 980
980 990 981
990 991 981
981 991 982
991 992 982
982 992 983
992 993 983
983 993 984
993 994 984
838 997 987
997 998 987
987 998 988
998 999 988
988 999 989
999 1000 989
989 1000 990
1000 1001 990
990 1001 991
1001 1002 991
991 1002 992
1002 1003 992
992 1003 993
1003 1004 993
993 1004 994
1004 1005 994
837 1008 997
1008 1009 997
997 1009 998
1009 1010 998
998 1010 999
1010 1011 999
999 1011 1000
1011 1012 1000
1000 1012 1001
1012 1013 1001
1001 1013 1002
1013 1014 1002
1002 1014 1003
1014 1015 1003
1003 1015 1004
1015 1016 1004
1004 1016 1005
1016 1017 1005
836 1020 1008
1020 1021 1008
1008 1021 1009
1021 1022 1009
1009 1022 1010
1022 1023 1010
1010 1023 1011
1023 1024 1011
1011 1024 1012
1024 1025 1012
1012 1025 1013
1025 1026 1013
1013 1026 1014
1026 1027 1014
1014 1027 1015
1027 1028 1015
1015 1028 1016
1028 1029 1016
1016 1029 1017
835 1033 1020
1033 1034 1020
1020 1034 1021
1034 1035 1021
1021 1035 1022
1035 1036 1022
1022 1036 1023
1036 1037 1023
1023 1037 1024
1037 1038 1024
1024 1038 1025
1038 1039 1025
1025 1039 1026
1039 1040 1026
1026 1040 1027
1040 1041 1027
1027 1041 1028
1041 1042 1028
1028 1042 1029
834 1047 1033
1047 1048 1033
1033 1048 1034
1048 1049 1034
1034 1049 1035
1049 1050 1035
1035 1050 1036
1050 1051 1036
1036 1051 1037
1051 1052 1037
1037 1052 1038
1052 1053 1038
1038 1053 1039
1053 1054 1039
1039 1054 1040
1054 1055 1040
1040 1055 1041
1055 1056 1041
1041 1056 1042
1056 1057 1042
833 1062 1047
1062 1063 1047
1047 1063 1048
1063 1064 1048
1048 1064 1049
1064 1065 1049
1049 1065 1050
1065 1066 1050
1050 1066 1051
1066 1067 1051
1051 1067 1052
1067 1068 1052
1052 1068 1053
1068 1069 1053
1053 1069 1054
1069 1070 1054
1054 1070 1055
1070 1071 1055
1055 1071 1056
1071 1072 1056
1056 1072 1057
1072 1073 1057
832 1078 1062
1078 1079 1062
1062 1079 1063
1079 1080 1063
1063 1080 1064
1080 1081 1064
1064 1081 1065
1081 1082 1065
1065 1082 1066
1082 1083 1066
1066 1083 1067
1083 1084 1067
1067 1084 1068
1084 1085 1068
1068 1085 1069
1085 1086 1069
1069 1086 1070
1086 1087 1070
1070 1087 1071
1087 1088 1071
1071 1088 1072
1088 1089 1072
1072 1089 1073
1089 1090 1073
831 1095 1078
1095 1096 1078
1078 1096 1079
1096 1097 1079
1079 1097 1080
1097 1098 1080
1080 1098 1081
1098 1099 1081
1081 1099 1082
1099 1100 1082
1082 1100 1083
1100 1101 1083
1083 1101 1084
1101 1102 1084
1084 1102 1085
1102 1103 1085
1085 1103 1086
1103 1104 1086
1086 1104 1087
1104 1105 1087
1087 1105 1088
1105 1106 1088
1088 1106 1089
1106 1107 1089
1089 1107 1090
1107 1108 1090
830 1113 1095
1113 1114 1095
1095 1114 1096
1114 1115 1096
1096 1115 1097
1115 1116 1097
1097 1116 1098
1116 1117 1098
1098 1117 1099
1117 1118 1099
1099 1118 1100
1118 1119 1100
1100 1119 1101
1119 1120 1101
1101 1120 1102
1120 1121 1102
1102 1121 1103
1121 1122 1103
1103 1122 1104
1122 1123 1104
1104 1123 1105
1123 1124 1105
1105 1124 1106
1124 1125 1106
1106 1125 1107
1125 1126 1107
1107 1126 1108
1126 1127 1108
829 1132 1113
1132 1133 1113
1113 1133 1114
1133 1134 1114
1114 1134 1115
1134 1135 1115
1115 1135 1116
1135 1136 1116
1116 1136 1117
1136 1137 1117
1117 1137 1118
1137 1138 1118
1118 1138 1119
1138 1139 1119
1119 1139 1120
1139 1140 1120
1120 1140 1121
1140 1141 1121
1121 1141 1122
1141 1142 1122
1122 1142 1123
1142 1143 1123
1123 1143 1124
1143 1144 1124
1124 1144 1125
1144 1145 1125
1125 1145 1126
1145 1146 1126
1126 1146 1127
828 1152 1132
1152 1153 1132
1132 1153 1133
1153 1154 1133
1133 1154 1134
1154 1155 1134
1134 1155 1135
1155 1156 1135
1135 1156 1136
1156 1157 1136
1136 1157 1137
1157 1158 1137
1137 1158 1138
1158 1159 1138
1138 1159 1139
1159 1160 1139
1139 1160 1140
1160 1161 1140
1140 1161 1141
1161 1162 1141
1141 1162 1142
1162 1163 1142
1142 1163 1143
1163 1164 1143
1143 1164 1144
1164 1165 1144
1144 1165 1145
1165 1166 1145
1145 1166 1146
827 1173 1152
1173 1174 1152
1152 1174 1153
1174 1175 1153
1153 1175 1154
1175 1176 1154
1154 1176 1155
1176 1177 1155
1155 1177 1156
1177 1178 1156
1156 1178 1157
1178 1179 1157
1157 1179 1158
1179 1180 1158
1158 1180 1159
1180 1181 1159
1159 1181 1160
1181 1182 1160
1160 1182 1161
1182 1183 1161
1161 1183 1162
1183 1184 1162
1162 1184 1163
1184 1185 1163
1163 1185 1164
1185 1186 1164
1164 1186 1165
1186 1187 1165
1165 1187 1166
826 1195 1173
1195 1196 1173
1173 1196 1174
1196 1197 1174
1174 1197 1175
1197 1198 1175
1175 1198 1176
1198 1199 1176
1176 1199 1177
1199 1200 1177
1177 1200 1178
1200 1201 1178
1178 1201 1179
1201 1202 1179
1179 1202 1180
1202 1203 1180
1180 1203 1181
1203 1204 1181
1181 1204 1182
1204 1205 1182
1182 1205 1183
1205 1206 1183
1183 1206 1184
1206 1207 1184
1184 1207 1185
1207 1208 1185
1185 1208 1186
1208 1209 1186
1186 1209 1187
1209 1210 1187
825 1218 1195
1218 1219 1195
1195 1219 1196
1219 1220 1196
1196 1220 1197
1220 1221 1197
1197 1221 1198
1221 1222 1198
1198 1222 1199
1222 1223 1199
1199 1223 1200
1223 1224 1200
1200 1224 1201
1224 1225 1201
1201 1225 1202
1225 1226 1202
1202 1226 1203
1226 1227 1203
1203 1227 1204
1227 1228 1204
1204 1228 1205
1228 1229 1205
1205 1229 1206
1229 1230 1206
1206 1230 1207
1230 1231 1207
1207 1231 1208
1231 1232 1208
1208 1232 1209
1232 1233 1209
1209 1233 1210
824 1242 1218
1242 1243 1218
1218 1243 1219
1243 1244 1219
1219 1244 1220
1244 1245 1220
1220 1245 1221
1245 1246 1221
1221 1246 1222
1246 1247 1222
1222 1247 1223
1247 1248 1223
1223 1248 1224
1248 1249 1224
1224 1249 1225
1249 1250 1225
1225 1250 1226
1250 1251 1226
1226 1251 1227
1251 1252 1227
1227 1252 1228
1252 1253 1228
1228 1253 1229
1253 1254 1229
1229 1254 1230
1254 1255 1230
1230 1255 1231
1255 1256 1231
1231 1256 1232
1256 1257 1232
1232 1257 1233
823 1267 1242
1267 1268 1242
1242 1268 1243
1268 1269 1243
1243 1269 1244
1269 1270 1244
1244 1270 1245
1270 1271 1245
1245 1271 1246
1271 1272 1246
1246 1272 1247
1272 1273 1247
1247 1273 1248
1273 1274 1248
1248 1274 1249
1274 1275 1249
1249 1275 1250
1275 1276 1250
1250 1276 1251
1276 1277 1251
1251 1277 1252
1277 1278 1252
1252 1278 1253
1278 1279 1253
1253 1279 1254
1279 1280 1254
1254 1280 1255
1280 1281 1255
1255 1281 1256
1281 1282 1256
1256 1282 1257
822 1293 1267
1293 1294 1267
1267 1294 1268
1294 1295 1268
1268 1295 1269
1295 1296 1269
1269 1296 1270
1296 1297 1270
1270 1297 1271
1297 1298 1271
1271 1298 1272
1298 1299 1272
1272 1299 1273
1299 1300 1273
1273 1300 1274
1300 1301 1274
1274 1301 1275
1301 1302 1275
1275 1302 1276
1302 1303 1276
1276 1303 1277
1303 1304 1277
1277 1304 1278
1304 1305 1278
1278 1305 1279
1305 1306 1279
1279 1306 1280
1306 1307 1280
1280 1307 1281
1307 1308 1281
1281 1308 1282
1308 1309 1282
821 1320 1293
1320 1321 1293
1293 1321 1294
1321 1322 1294
1294 1322 1295
1322 1323 1295
1295 1323 1296
1323 1324 1296
1296 1324 1297
1324 1325 1297
1297 1325 1298
1325 1326 1298
1298 1326 1299
1326 1327 1299
1299 1327 1300
1327 1328 1300
1300 1328 1301
1328 1329 1301
1301 1329 1302
1329 1330 1302
1302 1330 1303
1330 1331 1303
1303 1331 1304
1331 1332 1304
1304 1332 1305
1332 1333 1305
1305 1333 1306
1333 1334 1306
1306 1334 1307
1334 1335 1307
1307 1335 1308
1335 1336 1308
1308 1336 1309
820 1348 1320
1348 1349 1320
1320 1349 1321
1349 1350 1321
1321 1350 1322
1350 1351 1322
1322 1351 1323
1351 1352 1323
1323 1352 1324
1352 1353 1324
1324 1353 1325
1353 1354 1325
1325 1354 1326
1354 1355 1326
1326 1355 1327
1355 1356 1327
1327 1356 1328
1356 1357 1328
1328 1357 1329
1357 1358 1329
1329 1358 1330
1358 1359 1330
1330 1359 1331
1359 1360 1331
1331 1360 1332
1360 1361 1332
1332 1361 1333
1361 1362 1333
1333 1362 1334
1362 1363 1334
1334 1363 1335
1363 1364 1335
1335 1364 1336
819 1377 1348
1377 1378 1348
1348 1378 1349
1378 1379 1349
1349 1379 1350
1379 1380 1350
1350 1380 1351
1380 1381 1351
1351 1381 1352
1381 1382 1352
1352 1382 1353
1382 1383 1353
1353 1383 1354
1383 1384 1354
1354 1384 1355
1384 1385 1355
1355 1385 1356
1385 1386 1356
1356 1386 1357
1386 1387 1357
1357 1387 1358
1387 1388 1358
1358 1388 1359
1388 1389 1359
1359 1389 1360
1389 1390 1360
1360 1390 1361
1390 1391 1361
1361 1391 1362
1391 1392 1362
1362 1392 1363
1392 1393 1363
1363 1393 1364
818 786 1377
786 785 1377
1377 785 1378
785 784 1378
1378 784 1379
784 783 1379
1379 783 1380
783 782 1380
1380 782 1381
782 781 1381
1381 781 1382
781 780 1382
1382 780 1383
780 779 1383
1383 779 1384
779 778 1384
1384 778 1385
778 777 1385
1385 777 1386
777 776 1386
1386 776 1387
776 775 1387
1387 775 1388
775 774 1388
1388 774 1389
774 773 1389
1389 773 1390
773 772 1390
1390 772 1391
772 771 1391
1391 771 1392
771 770 1392
1392 770 1393
383 786 10
382 3267 383
381 3268 382
380 3270 381
379 3273 380
378 3277 379
377 3282 378
376 3288 377
375 3295 376
374 3303 375
373 3312 374
372 3322 373
371 3333 372
370 3345 371
369 3358 370
368 3372 369
367 3387 368
366 3403 367
365 3420 366
364 3438 365
363 3457 364
362 3477 363
361 3498 362
360 3520 361
359 3543 360
358 3567 359
357 3592 358
356 3618 357
355 3645 356
354 3673 355
353 3702 354
383 3267 786
3267 785 786
382 3268 3267
3268 3269 3267
3267 3269 785
3269 784 785
381 3270 3268
3270 3271 3268
3268 3271 3269
3271 3272 3269
3269 3272 784
3272 783 784
380 3273 3270
3273 3274 3270
3270 3274 3271
3274 3275 3271
3271 3275 3272
3275 3276 3272
3272 3276 783
3276 782 783
379 3277 3273
3277 3278 3273
3273 3278 3274
3278 3279 3274
3274 3279 3275
3279 3280 3275
3275 3280 3276
3280 3281 3276
3276 3281 782
3281 781 782
378 3282 3277
3282 3283 3277
3277 3283 3278
3283 3284 3278
3278 3284 3279
3284 3285 3279
3279 3285 3280
3285 3286 3280
3280 3286 3281
3286 3287 3281
3281 3287 781
3287 780 781
377 3288 3282
3288 3289 3282
3282 3289 3283
3289 3290 3283
3283 3290 3284
3290 3291 3284
3284 3291 3285
3291 3292 3285
3285 3292 3286
3292 3293 3286
3286 3293 3287
3293 3294 3287
3287 3294 780
3294 779 780
376 3295 3288
3295 3296 3288
3288 3296 3289
3296 3297 3289
3289 3297 3290
3297 3298 3290
3290 3298 3291
3298 3299 3291
3291 3299 3292
3299 3300 3292
3292 3300 3293
3300 3301 3293
3293 3301 3294
3301 3302 3294
3294 3302 779
3302 778 779
375 3303 3295
3303 3304 3295
3295 3304 3296
3304 3305 3296
3296 3305 3297
3305 3306 3297
3297 3306 3298
3306 3307 3298
3298 3307 3299
3307 3308 3299
3299 3308 3300
3308 3309 3300
3300 3309 3301
3309 3310 3301
3301 3310 3302
3310 3311 3302
3302 3311 778
3311 777 778
374 3312 3303
3312 3313 3303
3303 3313 3304
3313 3314 3304
3304 3314 3305
3314 3315 3305
3305 3315 3306
3315 3316 3306
3306 3316 3307
3316 3317 3307
3307 3317 3308
3317 3318 3308
3308 3318 3309
3318 3319 3309
3309 3319 3310
3319 3320 3310
3310 3320 3311
3320 3321 3311
3311 3321 777
3321 776 777
373 3322 3312
3322 3323 3312
3312 3323 3313
3323 3324 3313
3313 3324 3314
3324 3325 3314
3314 3325 3315
3325 3326 3315
3315 3326 3316
3326 3327 3316
3316 3327 3317
3327 3328 3317
3317 3328 3318
3328 3329 3318
3318 3329 3319
3329 3330 3319
3319 3330 3320
3330 3331 3320
3320 3331 3321
3331 3332 3321
3321 3332 776
3332 775 776
372 3333 3322
3333 3334 3322
3322 3334 3323
3334 3335 3323
3323 3335 3324
3335 3336 3324
3324 3336 3325
3336 3337 3325
3325 3337 3326
3337 3338 3326
3326 3338 3327
3338 3339 3327
3327 3339 3328
3339 3340 3328
3328 3340 3329
3340 3341 3329
3329 3341 3330
3341 3342 3330
3330 3342 3331
3342 3343 3331
3331 3343 3332
3343 3344 3332
3332 3344 775
3344 774 775
371 3345 3333
3345 3346 3333
3333 3346 3334
3346 3347 3334
3334 3347 3335
3347 3348 3335
3335 3348 3336
3348 3349 3336
3336 3349 3337
3349 3350 3337
3337 3350 3338
3350 3351 3338
3338 3351 3339
3351 3352 3339
3339 3352 3340
3352 3353 3340
3340 3353 3341
3353 3354 3341
3341 3354 3342
3354 3355 3342
3342 3355 3343
3355 3356 3343
3343 3356 3344
3356 3357 3344
3344 3357 774
3357 773 774
370 3358 3345
3358 3359 3345
3345 3359 3346
3359 3360 3346
3346 3360 3347
3360 3361 3347
3347 3361 3348
3361 3362 3348
3348 3362 3349
3362 3363 3349
3349 3363 3350
3363 3364 3350
3350 3364 3351
3364 3365 3351
3351 3365 3352
3365 3366 3352
3352 3366 3353
3366 3367 3353
3353 3367 3354
3367 3368 3354
3354 3368 3355
3368 3369 3355
3355 3369 3356
3369 3370 3356
3356 3370 3357
3370 3371 3357
3357 3371 773
3371 772 773
369 3372 3358
3372 3373 3358
3358 3373 3359
3373 3374 3359
3359 3374 3360
3374 3375 3360
3360 3375 3361
3375 3376 3361
3361 3376 3362
3376 3377 3362
3362 3377 3363
3377 3378 3363
3363 3378 3364
3378 3379 3364
3364 3379 3365
3379 3380 3365
3365 3380 3366
3380 3381 3366
3366 3381 3367
3381 3382 3367
3367 3382 3368
3382 3383 3368
3368 3383 3369
3383 3384 3369
3369 3384 3370
3384 3385 3370
3370 3385 3371
3385 3386 3371
3371 3386 772
3386 771 772
368 3387 3372
3387 3388 3372
3372 3388 3373
3388 3389 3373
3373 3389 3374
3389 3390 3374
3374 3390 3375
3390 3391 3375
3375 3391 3376
3391 3392 3376
3376 3392 3377
3392 3393 3377
3377 3393 3378
3393 3394 3378
3378 3394 3379
3394 3395 3379
3379 3395 3380
3395 3396 3380
3380 3396 3381
3396 3397 3381
3381 3397 3382
3397 3398 3382
3382 3398 3383
3398 3399 3383
3383 3399 3384
3399 3400 3384
3384 3400 3385
3400 3401 3385
3385 3401 3386
3401 3402 3386
3386 3402 771
3402 770 771
367 3403 3387
3403 3404 3387
3387 3404 3388
3404 3405 3388
3388 3405 3389
3405 3406 3389
3389 3406 3390
3406 3407 3390
3390 3407 3391
3407 3408 3391
3391 3408 3392
3408 3409 3392
3392 3409 3393
3409 3410 3393
3393 3410 3394
3410 3411 3394
3394 3411 3395
3411 3412 3395
3395 3412 3396
3412 3413 3396
3396 3413 3397
3413 3414 3397
3397 3414 3398
3414 3415 3398
3398 3415 3399
3415 3416 3399
3399 3416 3400
3416 3417 3400
3400 3417 3401
3417 3418 3401
3401 3418 3402
3418 3419 3402
3402 3419 770
366 3420 3403
3420 3421 3403
3403 3421 3404
3421 3422 3404
3404 3422 3405
3422 3423 3405
3405 3423 3406
3423 3424 3406
3406 3424 3407
3424 3425 3407
3407 3425 3408
3425 3426 3408
3408 3426 3409
3426 3427 3409
3409 3427 3410
3427 3428 3410
3410 3428 3411
3428 3429 3411
3411 3429 3412
3429 3430 3412
3412 3430 3413
3430 3431 3413
3413 3431 3414
3431 3432 3414
3414 3432 3415
3432 3433 3415
3415 3433 3416
365 3438 3420
3438 3439 3420
3420 3439 3421
3439 3440 3421
3421 3440 3422
3440 3441 3422
3422 3441 3423
3441 3442 3423
3423 3442 3424
3442 3443 3424
3424 3443 3425
3443 3444 3425
3425 3444 3426
3444 3445 3426
3426 3445 3427
3445 3446 3427
3427 3446 3428
3446 3447 3428
3428 3447 3429
3447 3448 3429
3429 3448 3430
3448 3449 3430
3430 3449 3431
3449 3450 3431
3431 3450 3432
3450 3451 3432
3432 3451 3433
364 3457 3438
3457 3458 3438
3438 3458 3439
3458 3459 3439
3439 3459 3440
3459 3460 3440
3440 3460 3441
3460 3461 3441
3441 3461 3442
3461 3462 3442
3442 3462 3443
3462 3463 3443
3443 3463 3444
3463 3464 3444
3444 3464 3445
3464 3465 3445
3445 3465 3446
3465 3466 3446
3446 3466 3447
3466 3467 3447
3447 3467 3448
3467 3468 3448
3448 3468 3449
3468 3469 3449
3449 3469 3450
363 3477 3457
3477 3478 3457
3457 3478 3458
3478 3479 3458
3458 3479 3459
3479 3480 3459
3459 3480 3460
3480 3481 3460
3460 3481 3461
3481 3482 3461
3461 3482 3462
3482 3483 3462
3462 3483 3463
3483 3484 3463
3463 3484 3464
3484 3485 3464
3464 3485 3465
3485 3486 3465
3465 3486 3466
362 3498 3477
3498 3499 3477
3477 3499 3478
3499 3500 3478
3478 3500 3479
3500 3501 3479
3479 3501 3480
3501 3502 3480
3480 3502 3481
3502 3503 3481
3481 3503 3482
3503 3504 3482
3482 3504 3483
3504 3505 3483
3483 3505 3484
3505 3506 3484
3484 3506 3485
3506 3507 3485
3485 3507 3486
361 3520 3498
3520 3521 3498
3498 3521 3499
3521 3522 3499
3499 3522 3500
3522 3523 3500
3500 3523 3501
3523 3524 3501
3501 3524 3502
3524 3525 3502
3502 3525 3503
3525 3526 3503
3503 3526 3504
3526 3527 3504
3504 3527 3505
3527 3528 3505
3505 3528 3506
360 3543 3520
3543 3544 3520
3520 3544 3521
3544 3545 3521
3521 3545 3522
3545 3546 3522
3522 3546 3523
3546 3547 3523
3523 3547 3524
3547 3548 3524
3524 3548 3525
3548 3549 3525
3525 3549 3526
3549 3550 3526
3526 3550 3527
359 3567 3543
3567 3568 3543
3543 3568 3544
3568 3569 3544
3544 3569 3545
3569 3570 3545
3545 3570 3546
3570 3571 3546
3546 3571 3547
3571 3572 3547
3547 3572 3548
3572 3573 3548
3548 3573 3549
358 3592 3567
3592 3593 3567
3567 3593 3568
3593 3594 3568
3568 3594 3569
3594 3595 3569
3569 3595 3570
3595 3596 3570
3570 3596 3571
3596 3597 3571
3571 3597 3572
357 3618 3592
3618 3619 3592
3592 3619 3593
3619 3620 3593
3593 3620 3594
3620 3621 3594
3594 3621 3595
3621 3622 3595
3595 3622 3596
3622 3623 3596
3596 3623 3597
356 3645 3618
3645 3646 3618
3618 3646 3619
3646 3647 3619
3619 3647 3620
3647 3648 3620
3620 3648 3621
3648 3649 3621
3621 3649 3622
3649 3650 3622
3622 3650 3623
355 3673 3645
3673 3674 3645
3645 3674 3646
3674 3675 3646
3646 3675 3647
354 3702 3673
3702 3703 3673
3673 3703 3674
3703 3704 3674
3674 3704 3675
353 600 3702
600 599 3702
3702 599 3703
599 598 3703
3703 598 3704
159 7938 160
158 7945 159
157 7953 158
156 7962 157
155 7972 156
144 8148 145
143 8170 144
142 8193 143
141 8217 142
140 8242 141
139 8268 140
138 8295 139
137 8323 138
136 8352 137
159 7945 7938
158 7953 7945
157 7962 7953
156 7972 7962
144 8170 8148
8170 8171 8148
143 8193 8170
8193 8194 8170
8170 8194 8171
142 8217 8193
8217 8218 8193
8193 8218 8194
141 8242 8217
8242 8243 8217
8217 8243 8218
140 8268 8242
8268 8269 8242
8242 8269 8243
139 8295 8268
8295 8296 8268
8268 8296 8269
138 8323 8295
137 8352 8323
136 259 8352
9431 151 152
9431 9447 151
9447 150 151
9463 9464 9447
9447 9464 150
9464 149 150
9463 9481 9464
9481 9482 9464
9464 9482 149
9482 148 149
9481 9500 9482
9500 9501 9482
9482 9501 148
9501 147 148
9500 9520 9501
9520 9521 9501
9501 9521 147
9521 146 147
9520 9541 9521
9541 9542 9521
9521 9542 146
9542 145 146
