787 848 11
787 2802 848
2802 847 848
2803 2804 2802
2802 2804 847
2804 846 847
2803 2806 2804
2806 2807 2804
2804 2807 846
2807 845 846
2809 2810 2806
2806 2810 2807
2810 2811 2807
2807 2811 845
2811 844 845
2809 2814 2810
2814 2815 2810
2810 2815 2811
2815 2816 2811
2811 2816 844
2816 843 844
2814 2820 2815
2820 2821 2815
2815 2821 2816
2821 2822 2816
2816 2822 843
2822 842 843
2820 2827 2821
2827 2828 2821
2821 2828 2822
2828 2829 2822
2822 2829 842
2829 841 842
2834 2835 2827
2827 2835 2828
2835 2836 2828
2828 2836 2829
2836 2837 2829
2829 2837 841
2837 840 841
2834 2843 2835
2843 2844 2835
2835 2844 2836
2844 2845 2836
2836 2845 2837
2845 2846 2837
2837 2846 840
2846 839 840
2843 2853 2844
2853 2854 2844
2844 2854 2845
2854 2855 2845
2845 2855 2846
2855 2856 2846
2846 2856 839
2856 838 839
2853 2864 2854
2864 2865 2854
2854 2865 2855
2865 2866 2855
2855 2866 2856
2866 2867 2856
2856 2867 838
2867 837 838
2875 2876 2864
2864 2876 2865
2876 2877 2865
2865 2877 2866
2877 2878 2866
2866 2878 2867
2878 2879 2867
2867 2879 837
2879 836 837
2875 2888 2876
2888 2889 2876
2876 2889 2877
2889 2890 2877
2877 2890 2878
2890 2891 2878
2878 2891 2879
2891 2892 2879
2879 2892 836
2892 835 836
2888 2902 2889
2902 2903 2889
2889 2903 2890
2903 2904 2890
2890 2904 2891
2904 2905 2891
2891 2905 2892
2905 2906 2892
2892 2906 835
2906 834 835
2916 2917 2902
2902 2917 2903
2917 2918 2903
2903 2918 2904
2918 2919 2904
2904 2919 2905
2919 2920 2905
2905 2920 2906
2920 2921 2906
2906 2921 834
2921 833 834
2931 2932 2916
2916 2932 2917
2932 2933 2917
2917 2933 2918
2933 2934 2918
2918 2934 2919
2934 2935 2919
2919 2935 2920
2935 2936 2920
2920 2936 2921
2936 2937 2921
2921 2937 833
2937 832 833
2931 2948 2932
2948 2949 2932
2932 2949 2933
2949 2950 2933
2933 2950 2934
2950 2951 2934
2934 2951 2935
2951 2952 2935
2935 2952 2936
2952 2953 2936
2936 2953 2937
2953 2954 2937
2937 2954 832
2954 831 832
2948 2966 2949
2966 2967 2949
2949 2967 2950
2967 2968 2950
2950 2968 2951
2968 2969 2951
2951 2969 2952
2969 2970 2952
2952 2970 2953
2970 2971 2953
2953 2971 2954
2971 2972 2954
2954 2972 831
2972 830 831
2984 2985 2966
2966 2985 2967
2985 2986 2967
2967 2986 2968
2986 2987 2968
2968 2987 2969
2987 2988 2969
2969 2988 2970
2988 2989 2970
2970 2989 2971
2989 2990 2971
2971 2990 2972
2990 2991 2972
2972 2991 830
2991 829 830
2984 3004 2985
3004 3005 2985
2985 3005 2986
3005 3006 2986
2986 3006 2987
3006 3007 2987
2987 3007 2988
3007 3008 2988
2988 3008 2989
3008 3009 2989
2989 3009 2990
3009 3010 2990
2990 3010 2991
3010 3011 2991
2991 3011 829
3011 828 829
3004 3025 3005
3025 3026 3005
3005 3026 3006
3026 3027 3006
3006 3027 3007
3027 3028 3007
3007 3028 3008
3028 3029 3008
3008 3029 3009
3029 3030 3009
3009 3030 3010
3030 3031 3010
3010 3031 3011
3031 3032 3011
3011 3032 828
3032 827 828
3025 3047 3026
3047 3048 3026
3026 3048 3027
3048 3049 3027
3027 3049 3028
3049 3050 3028
3028 3050 3029
3050 3051 3029
3029 3051 3030
3051 3052 3030
3030 3052 3031
3052 3053 3031
3031 3053 3032
3053 3054 3032
3032 3054 827
3054 826 827
3047 3070 3048
3070 3071 3048
3048 3071 3049
3071 3072 3049
3049 3072 3050
3072 3073 3050
3050 3073 3051
3073 3074 3051
3051 3074 3052
3074 3075 3052
3052 3075 3053
3075 3076 3053
3053 3076 3054
3076 3077 3054
3054 3077 826
3077 825 826
3070 3094 3071
3094 3095 3071
3071 3095 3072
3095 3096 3072
3072 3096 3073
3096 3097 3073
3073 3097 3074
3097 3098 3074
3074 3098 3075
3098 3099 3075
3075 3099 3076
3099 3100 3076
3076 3100 3077
3100 3101 3077
3077 3101 825
3101 824 825
3094 3119 3095
3119 3120 3095
3095 3120 3096
3120 3121 3096
3096 3121 3097
3121 3122 3097
3097 3122 3098
3122 3123 3098
3098 3123 3099
3123 3124 3099
3099 3124 3100
3124 3125 3100
3100 3125 3101
3125 3126 3101
3101 3126 824
3126 823 824
3119 3145 3120
3145 3146 3120
3120 3146 3121
3146 3147 3121
3121 3147 3122
3147 3148 3122
3122 3148 3123
3148 3149 3123
3123 3149 3124
3149 3150 3124
3124 3150 3125
3150 3151 3125
3125 3151 3126
3151 3152 3126
3126 3152 823
3152 822 823
3145 3172 3146
3172 3173 3146
3146 3173 3147
3173 3174 3147
3147 3174 3148
3174 3175 3148
3148 3175 3149
3175 3176 3149
3149 3176 3150
3176 3177 3150
3150 3177 3151
3177 3178 3151
3151 3178 3152
3178 3179 3152
3152 3179 822
3179 821 822
3173 3201 3174
3201 3202 3174
3174 3202 3175
3202 3203 3175
3175 3203 3176
3203 3204 3176
3176 3204 3177
3204 3205 3177
3177 3205 3178
3205 3206 3178
3178 3206 3179
3206 3207 3179
3179 3207 821
3207 820 821
3229 3230 3201
3201 3230 3202
3230 3231 3202
3202 3231 3203
3231 3232 3203
3203 3232 3204
3232 3233 3204
3204 3233 3205
3233 3234 3205
3205 3234 3206
3234 3235 3206
3206 3235 3207
3235 3236 3207
3207 3236 820
3236 819 820
3229 3259 3230
3259 3260 3230
3230 3260 3231
3260 3261 3231
3231 3261 3232
3261 3262 3232
3232 3262 3233
3262 3263 3233
3233 3263 3234
3263 3264 3234
3234 3264 3235
3264 3265 3235
3235 3265 3236
3265 3266 3236
3236 3266 819
3266 818 819
640 639 3259
3259 639 3260
639 638 3260
3260 638 3261
638 637 3261
3261 637 3262
637 636 3262
3262 636 3263
636 635 3263
3263 635 3264
635 634 3264
3264 634 3265
634 633 3265
3265 633 3266
633 632 3266
3266 632 818
632 10 818
5402 639 640
5425 5426 5402
5402 5426 639
5426 638 639
5449 5450 5425
5425 5450 5426
5450 5451 5426
5426 5451 638
5451 637 638
5449 5475 5450
5475 5476 5450
5450 5476 5451
5476 5477 5451
5451 5477 637
5477 636 637
5501 5502 5475
5475 5502 5476
5502 5503 5476
5476 5503 5477
5503 5504 5477
5477 5504 636
5504 635 636
5527 5528 5500
5500 5528 5501
5528 5529 5501
5501 5529 5502
5529 5530 5502
5502 5530 5503
5530 5531 5503
5503 5531 5504
5531 5532 5504
5504 5532 635
5532 634 635
5555 5556 5527
5527 5556 5528
5556 5557 5528
5528 5557 5529
5557 5558 5529
5529 5558 5530
5558 5559 5530
5530 5559 5531
5559 5560 5531
5531 5560 5532
5560 5561 5532
5532 5561 634
5561 633 634
5584 5585 5555
5555 5585 5556
5585 5586 5556
5556 5586 5557
5586 5587 5557
5557 5587 5558
5587 5588 5558
5558 5588 5559
5588 5589 5559
5559 5589 5560
5589 5590 5560
5560 5590 5561
5590 5591 5561
5561 5591 633
5591 632 633
330 329 5584
5584 329 5585
329 328 5585
5585 328 5586
328 327 5586
5586 327 5587
327 326 5587
5587 326 5588
326 325 5588
5588 325 5589
325 324 5589
5589 324 5590
324 323 5590
5590 323 5591
323 322 5591
5591 322 632
322 10 632
322 383 10
323 7452 322
324 7453 323
325 7455 324
326 7458 325
327 7462 326
328 7467 327
329 7473 328
330 7480 329
331 7488 330
332 7497 331
333 7507 332
322 7452 383
7452 382 383
323 7453 7452
7453 7454 7452
7452 7454 382
7454 381 382
324 7455 7453
7455 7456 7453
7453 7456 7454
7456 7457 7454
7454 7457 381
7457 380 381
325 7458 7455
7458 7459 7455
7455 7459 7456
7459 7460 7456
7456 7460 7457
7460 7461 7457
7457 7461 380
7461 379 380
326 7462 7458
7462 7463 7458
7458 7463 7459
7463 7464 7459
7459 7464 7460
7464 7465 7460
7460 7465 7461
7465 7466 7461
7461 7466 379
7466 378 379
327 7467 7462
7467 7468 7462
7462 7468 7463
7468 7469 7463
7463 7469 7464
7469 7470 7464
7464 7470 7465
7470 7471 7465
7465 7471 7466
7471 7472 7466
7466 7472 378
7472 377 378
328 7473 7467
7473 7474 7467
7467 7474 7468
7474 7475 7468
7468 7475 7469
7475 7476 7469
7469 7476 7470
7476 7477 7470
7470 7477 7471
7477 7478 7471
7471 7478 7472
7478 7479 7472
7472 7479 377
7479 376 377
329 7480 7473
7480 7481 7473
7473 7481 7474
7481 7482 7474
7474 7482 7475
7482 7483 7475
7475 7483 7476
7483 7484 7476
7476 7484 7477
7484 7485 7477
7477 7485 7478
7485 7486 7478
7478 7486 7479
7486 7487 7479
7479 7487 376
7487 375 376
330 7488 7480
7488 7489 7480
7480 7489 7481
7489 7490 7481
7481 7490 7482
7490 7491 7482
7482 7491 7483
7491 7492 7483
7483 7492 7484
7492 7493 7484
7484 7493 7485
7493 7494 7485
7485 7494 7486
7494 7495 7486
7486 7495 7487
7495 7496 7487
7487 7496 375
7496 374 375
331 7497 7488
7497 7498 7488
7488 7498 7489
7498 7499 7489
7489 7499 7490
7499 7500 7490
7490 7500 7491
7500 7501 7491
7491 7501 7492
7501 7502 7492
7492 7502 7493
7502 7503 7493
7493 7503 7494
7503 7504 7494
7494 7504 7495
7504 7505 7495
7495 7505 7496
7505 7506 7496
7496 7506 374
7506 373 374
332 7507 7497
7507 7508 7497
7497 7508 7498
7508 7509 7498
7498 7509 7499
7509 7510 7499
7499 7510 7500
7510 7511 7500
7500 7511 7501
7511 7512 7501
7501 7512 7502
7512 7513 7502
7502 7513 7503
7513 7514 7503
7503 7514 7504
7514 7515 7504
7504 7515 7505
7515 7516 7505
7505 7516 7506
7516 7517 7506
7506 7517 373
7517 372 373
333 7518 7507
7518 7519 7507
7507 7519 7508
7519 7520 7508
7508 7520 7509
7520 7521 7509
7509 7521 7510
7521 7522 7510
7510 7522 7511
7522 7523 7511
7511 7523 7512
7523 7524 7512
7512 7524 7513
7524 7525 7513
7513 7525 7514
7525 7526 7514
7514 7526 7515
7526 7527 7515
7515 7527 7516
7527 7528 7516
7516 7528 7517
7528 7529 7517
7517 7529 372
7529 371 372
7530 7531 7518
7518 7531 7519
7531 7532 7519
7519 7532 7520
7532 7533 7520
7520 7533 7521
7533 7534 7521
7521 7534 7522
7534 7535 7522
7522 7535 7523
7535 7536 7523
7523 7536 7524
7536 7537 7524
7524 7537 7525
7537 7538 7525
7525 7538 7526
7538 7539 7526
7526 7539 7527
7539 7540 7527
7527 7540 7528
7540 7541 7528
7528 7541 7529
7541 7542 7529
7529 7542 371
7542 370 371
7530 7544 7531
7544 7545 7531
7531 7545 7532
7545 7546 7532
7532 7546 7533
7546 7547 7533
7533 7547 7534
7547 7548 7534
7534 7548 7535
7548 7549 7535
7535 7549 7536
7549 7550 7536
7536 7550 7537
7550 7551 7537
7537 7551 7538
7551 7552 7538
7538 7552 7539
7552 7553 7539
7539 7553 7540
7553 7554 7540
7540 7554 7541
7554 7555 7541
7541 7555 7542
7555 7556 7542
7542 7556 370
7556 369 370
7544 7559 7545
7559 7560 7545
7545 7560 7546
7560 7561 7546
7546 7561 7547
7561 7562 7547
7547 7562 7548
7562 7563 7548
7548 7563 7549
7563 7564 7549
7549 7564 7550
7564 7565 7550
7550 7565 7551
7565 7566 7551
7551 7566 7552
7566 7567 7552
7552 7567 7553
7567 7568 7553
7553 7568 7554
7568 7569 7554
7554 7569 7555
7569 7570 7555
7555 7570 7556
7570 7571 7556
7556 7571 369
7571 368 369
7574 7575 7559
7559 7575 7560
7575 7576 7560
7560 7576 7561
7576 7577 7561
7561 7577 7562
7577 7578 7562
7562 7578 7563
7578 7579 7563
7563 7579 7564
7579 7580 7564
7564 7580 7565
7580 7581 7565
7565 7581 7566
7581 7582 7566
7566 7582 7567
7582 7583 7567
7567 7583 7568
7583 7584 7568
7568 7584 7569
7584 7585 7569
7569 7585 7570
7585 7586 7570
7570 7586 7571
7586 7587 7571
7571 7587 368
7587 367 368
7590 7591 7574
7574 7591 7575
7591 7592 7575
7575 7592 7576
7592 7593 7576
7576 7593 7577
7593 7594 7577
7577 7594 7578
7594 7595 7578
7578 7595 7579
7595 7596 7579
7579 7596 7580
7596 7597 7580
7580 7597 7581
7597 7598 7581
7581 7598 7582
7598 7599 7582
7582 7599 7583
7599 7600 7583
7583 7600 7584
7600 7601 7584
7584 7601 7585
7601 7602 7585
7585 7602 7586
7602 7603 7586
7586 7603 7587
7603 7604 7587
7587 7604 367
7604 366 367
7607 7608 7590
7590 7608 7591
7608 7609 7591
7591 7609 7592
7609 7610 7592
7592 7610 7593
7610 7611 7593
7593 7611 7594
7611 7612 7594
7594 7612 7595
7612 7613 7595
7595 7613 7596
7613 7614 7596
7596 7614 7597
7614 7615 7597
7597 7615 7598
7615 7616 7598
7598 7616 7599
7616 7617 7599
7599 7617 7600
7617 7618 7600
7600 7618 7601
7618 7619 7601
7601 7619 7602
7619 7620 7602
7602 7620 7603
7620 7621 7603
7603 7621 7604
7621 7622 7604
7604 7622 366
7622 365 366
7607 7626 7608
7626 7627 7608
7608 7627 7609
7627 7628 7609
7609 7628 7610
7628 7629 7610
7610 7629 7611
7629 7630 7611
7611 7630 7612
7630 7631 7612
7612 7631 7613
7631 7632 7613
7613 7632 7614
7632 7633 7614
7614 7633 7615
7633 7634 7615
7615 7634 7616
7634 7635 7616
7616 7635 7617
7635 7636 7617
7617 7636 7618
7636 7637 7618
7618 7637 7619
7637 7638 7619
7619 7638 7620
7638 7639 7620
7620 7639 7621
7639 7640 7621
7621 7640 7622
7640 7641 7622
7622 7641 365
7641 364 365
7626 7646 7627
7646 7647 7627
7627 7647 7628
7647 7648 7628
7628 7648 7629
7648 7649 7629
7629 7649 7630
7649 7650 7630
7630 7650 7631
7650 7651 7631
7631 7651 7632
7651 7652 7632
7632 7652 7633
7652 7653 7633
7633 7653 7634
7653 7654 7634
7634 7654 7635
7654 7655 7635
7635 7655 7636
7655 7656 7636
7636 7656 7637
7656 7657 7637
7637 7657 7638
7657 7658 7638
7638 7658 7639
7658 7659 7639
7639 7659 7640
7659 7660 7640
7640 7660 7641
7660 7661 7641
7641 7661 364
7661 363 364
7646 7667 7647
7667 7668 7647
7647 7668 7648
7668 7669 7648
7648 7669 7649
7669 7670 7649
7649 7670 7650
7670 7671 7650
7650 7671 7651
7671 7672 7651
7651 7672 7652
7672 7673 7652
7652 7673 7653
7673 7674 7653
7653 7674 7654
7674 7675 7654
7654 7675 7655
7675 7676 7655
7655 7676 7656
7676 7677 7656
7656 7677 7657
7677 7678 7657
7657 7678 7658
7678 7679 7658
7658 7679 7659
7679 7680 7659
7659 7680 7660
7680 7681 7660
7660 7681 7661
7681 7682 7661
7661 7682 363
7682 362 363
7667 7689 7668
7689 7690 7668
7668 7690 7669
7690 7691 7669
7669 7691 7670
7691 7692 7670
7670 7692 7671
7692 7693 7671
7671 7693 7672
7693 7694 7672
7672 7694 7673
7694 7695 7673
7673 7695 7674
7695 7696 7674
7674 7696 7675
7696 7697 7675
7675 7697 7676
7697 7698 7676
7676 7698 7677
7698 7699 7677
7677 7699 7678
7699 7700 7678
7678 7700 7679
7700 7701 7679
7679 7701 7680
7701 7702 7680
7680 7702 7681
7702 7703 7681
7681 7703 7682
7703 7704 7682
7682 7704 362
7704 361 362
7711 7712 7689
7689 7712 7690
7712 7713 7690
7690 7713 7691
7713 7714 7691
7691 7714 7692
7714 7715 7692
7692 7715 7693
7715 7716 7693
7693 7716 7694
7716 7717 7694
7694 7717 7695
7717 7718 7695
7695 7718 7696
7718 7719 7696
7696 7719 7697
7719 7720 7697
7697 7720 7698
7720 7721 7698
7698 7721 7699
7721 7722 7699
7699 7722 7700
7722 7723 7700
7700 7723 7701
7723 7724 7701
7701 7724 7702
7724 7725 7702
7702 7725 7703
7725 7726 7703
7703 7726 7704
7726 7727 7704
7704 7727 361
7727 360 361
7734 7735 7711
7711 7735 7712
7735 7736 7712
7712 7736 7713
7736 7737 7713
7713 7737 7714
7737 7738 7714
7714 7738 7715
7738 7739 7715
7715 7739 7716
7739 7740 7716
7716 7740 7717
7740 7741 7717
7717 7741 7718
7741 7742 7718
7718 7742 7719
7742 7743 7719
7719 7743 7720
7743 7744 7720
7720 7744 7721
7744 7745 7721
7721 7745 7722
7745 7746 7722
7722 7746 7723
7746 7747 7723
7723 7747 7724
7747 7748 7724
7724 7748 7725
7748 7749 7725
7725 7749 7726
7749 7750 7726
7726 7750 7727
7750 7751 7727
7727 7751 360
7751 359 360
7734 7759 7735
7759 7760 7735
7735 7760 7736
7760 7761 7736
7736 7761 7737
7761 7762 7737
7737 7762 7738
7762 7763 7738
7738 7763 7739
7763 7764 7739
7739 7764 7740
7764 7765 7740
7740 7765 7741
7765 7766 7741
7741 7766 7742
7766 7767 7742
7742 7767 7743
7767 7768 7743
7743 7768 7744
7768 7769 7744
7744 7769 7745
7769 7770 7745
7745 7770 7746
7770 7771 7746
7746 7771 7747
7771 7772 7747
7747 7772 7748
7772 7773 7748
7748 7773 7749
7773 7774 7749
7749 7774 7750
7774 7775 7750
7750 7775 7751
7775 7776 7751
7751 7776 359
7776 358 359
7759 7785 7760
7785 7786 7760
7760 7786 7761
7786 7787 7761
7761 7787 7762
7787 7788 7762
7762 7788 7763
7788 7789 7763
7763 7789 7764
7789 7790 7764
7764 7790 7765
7790 7791 7765
7765 7791 7766
7791 7792 7766
7766 7792 7767
7792 7793 7767
7767 7793 7768
7793 7794 7768
7768 7794 7769
7794 7795 7769
7769 7795 7770
7795 7796 7770
7770 7796 7771
7796 7797 7771
7771 7797 7772
7797 7798 7772
7772 7798 7773
7798 7799 7773
7773 7799 7774
7799 7800 7774
7774 7800 7775
7800 7801 7775
7775 7801 7776
7801 7802 7776
7776 7802 358
7802 357 358
7785 7812 7786
7812 7813 7786
7786 7813 7787
7813 7814 7787
7787 7814 7788
7814 7815 7788
7788 7815 7789
7815 7816 7789
7789 7816 7790
7816 7817 7790
7790 7817 7791
7817 7818 7791
7791 7818 7792
7818 7819 7792
7792 7819 7793
7819 7820 7793
7793 7820 7794
7820 7821 7794
7794 7821 7795
7821 7822 7795
7795 7822 7796
7822 7823 7796
7796 7823 7797
7823 7824 7797
7797 7824 7798
7824 7825 7798
7798 7825 7799
7825 7826 7799
7799 7826 7800
7826 7827 7800
7800 7827 7801
7827 7828 7801
7801 7828 7802
7828 7829 7802
7802 7829 357
7829 356 357
7812 7840 7813
7840 7841 7813
7813 7841 7814
7841 7842 7814
7814 7842 7815
7842 7843 7815
7815 7843 7816
7843 7844 7816
7816 7844 7817
7844 7845 7817
7817 7845 7818
7845 7846 7818
7818 7846 7819
7846 7847 7819
7819 7847 7820
7847 7848 7820
7820 7848 7821
7848 7849 7821
7821 7849 7822
7849 7850 7822
7822 7850 7823
7850 7851 7823
7823 7851 7824
7851 7852 7824
7824 7852 7825
7852 7853 7825
7825 7853 7826
7853 7854 7826
7826 7854 7827
7854 7855 7827
7827 7855 7828
7855 7856 7828
7828 7856 7829
7856 7857 7829
7829 7857 356
7857 355 356
7840 7869 7841
7869 7870 7841
7841 7870 7842
7870 7871 7842
7842 7871 7843
7871 7872 7843
7843 7872 7844
7872 7873 7844
7844 7873 7845
7873 7874 7845
7845 7874 7846
7874 7875 7846
7846 7875 7847
7875 7876 7847
7847 7876 7848
7876 7877 7848
7848 7877 7849
7877 7878 7849
7849 7878 7850
7878 7879 7850
7850 7879 7851
7879 7880 7851
7851 7880 7852
7880 7881 7852
7852 7881 7853
7881 7882 7853
7853 7882 7854
7882 7883 7854
7854 7883 7855
7883 7884 7855
7855 7884 7856
7884 7885 7856
7856 7885 7857
7885 7886 7857
7857 7886 355
7886 354 355
7898 7899 7869
7869 7899 7870
7899 7900 7870
7870 7900 7871
7900 7901 7871
7871 7901 7872
7901 7902 7872
7872 7902 7873
7902 7903 7873
7873 7903 7874
7903 7904 7874
7874 7904 7875
7904 7905 7875
7875 7905 7876
7905 7906 7876
7876 7906 7877
7906 7907 7877
7877 7907 7878
7907 7908 7878
7878 7908 7879
7908 7909 7879
7879 7909 7880
7909 7910 7880
7880 7910 7881
7910 7911 7881
7881 7911 7882
7911 7912 7882
7882 7912 7883
7912 7913 7883
7883 7913 7884
7913 7914 7884
7884 7914 7885
7914 7915 7885
7885 7915 7886
7915 7916 7886
7886 7916 354
7916 353 354
124 123 7898
7898 123 7899
123 122 7899
7899 122 7900
122 121 7900
7900 121 7901
121 120 7901
7901 120 7902
120 119 7902
7902 119 7903
119 118 7903
7903 118 7904
118 117 7904
7904 117 7905
117 116 7905
7905 116 7906
116 115 7906
7906 115 7907
115 114 7907
7907 114 7908
114 113 7908
7908 113 7909
113 112 7909
7909 112 7910
112 111 7910
7910 111 7911
111 110 7911
7911 110 7912
110 109 7912
7912 109 7913
109 108 7913
7913 108 7914
108 107 7914
7914 107 7915
107 106 7915
7915 106 7916
106 105 7916
7916 105 353
105 5 353
105 166 5
106 9312 105
107 9313 106
108 9315 107
109 9318 108
110 9322 109
111 9327 110
112 9333 111
113 9340 112
114 9348 113
115 9357 114
116 9367 115
117 9378 116
118 9390 117
119 9403 118
120 9417 119
121 9432 120
122 9448 121
123 9465 122
124 9483 123
105 9312 166
9312 165 166
106 9313 9312
9313 9314 9312
9312 9314 165
9314 164 165
107 9315 9313
9315 9316 9313
9313 9316 9314
9316 9317 9314
9314 9317 164
9317 163 164
108 9318 9315
9318 9319 9315
9315 9319 9316
9319 9320 9316
9316 9320 9317
9320 9321 9317
9317 9321 163
9321 162 163
109 9322 9318
9322 9323 9318
9318 9323 9319
9323 9324 9319
9319 9324 9320
9324 9325 9320
9320 9325 9321
9325 9326 9321
9321 9326 162
9326 161 162
110 9327 9322
9327 9328 9322
9322 9328 9323
9328 9329 9323
9323 9329 9324
9329 9330 9324
9324 9330 9325
9330 9331 9325
9325 9331 9326
9331 9332 9326
9326 9332 161
9332 160 161
111 9333 9327
9333 9334 9327
9327 9334 9328
9334 9335 9328
9328 9335 9329
9335 9336 9329
9329 9336 9330
9336 9337 9330
9330 9337 9331
9337 9338 9331
9331 9338 9332
9338 9339 9332
9332 9339 160
9339 159 160
112 9340 9333
9340 9341 9333
9333 9341 9334
9341 9342 9334
9334 9342 9335
9342 9343 9335
9335 9343 9336
9343 9344 9336
9336 9344 9337
9344 9345 9337
9337 9345 9338
9345 9346 9338
9338 9346 9339
9346 9347 9339
9339 9347 159
9347 158 159
113 9348 9340
9348 9349 9340
9340 9349 9341
9349 9350 9341
9341 9350 9342
9350 9351 9342
9342 9351 9343
9351 9352 9343
9343 9352 9344
9352 9353 9344
9344 9353 9345
9353 9354 9345
9345 9354 9346
9354 9355 9346
9346 9355 9347
9355 9356 9347
9347 9356 158
9356 157 158
114 9357 9348
9357 9358 9348
9348 9358 9349
9358 9359 9349
9349 9359 9350
9359 9360 9350
9350 9360 9351
9360 9361 9351
9351 9361 9352
9361 9362 9352
9352 9362 9353
9362 9363 9353
9353 9363 9354
9363 9364 9354
9354 9364 9355
9364 9365 9355
9355 9365 9356
9365 9366 9356
9356 9366 157
9366 156 157
115 9367 9357
9367 9368 9357
9357 9368 9358
9368 9369 9358
9358 9369 9359
9369 9370 9359
9359 9370 9360
9370 9371 9360
9360 9371 9361
9371 9372 9361
9361 9372 9362
9372 9373 9362
9362 9373 9363
9373 9374 9363
9363 9374 9364
9374 9375 9364
9364 9375 9365
9375 9376 9365
9365 9376 9366
9376 9377 9366
9366 9377 156
9377 155 156
116 9378 9367
9378 9379 9367
9367 9379 9368
9379 9380 9368
9368 9380 9369
9380 9381 9369
9369 9381 9370
9381 9382 9370
9370 9382 9371
9382 9383 9371
9371 9383 9372
9383 9384 9372
9372 9384 9373
9384 9385 9373
9373 9385 9374
9385 9386 9374
9374 9386 9375
9386 9387 9375
9375 9387 9376
9387 9388 9376
9376 9388 9377
9388 9389 9377
9377 9389 155
9389 154 155
117 9390 9378
9390 9391 9378
9378 9391 9379
9391 9392 9379
9379 9392 9380
9392 9393 9380
9380 9393 9381
9393 9394 9381
9381 9394 9382
9394 9395 9382
9382 9395 9383
9395 9396 9383
9383 9396 9384
9396 9397 9384
9384 9397 9385
9397 9398 9385
9385 9398 9386
9398 9399 9386
9386 9399 9387
9399 9400 9387
9387 9400 9388
9400 9401 9388
9388 9401 9389
9401 9402 9389
9389 9402 154
9402 153 154
118 9403 9390
9403 9404 9390
9390 9404 9391
9404 9405 9391
9391 9405 9392
9405 9406 9392
9392 9406 9393
9406 9407 9393
9393 9407 9394
9407 9408 9394
9394 9408 9395
9408 9409 9395
9395 9409 9396
9409 9410 9396
9396 9410 9397
9410 9411 9397
9397 9411 9398
9411 9412 9398
9398 9412 9399
9412 9413 9399
9399 9413 9400
9413 9414 9400
9400 9414 9401
9414 9415 9401
9401 9415 9402
9415 9416 9402
9402 9416 153
9416 152 153
119 9417 9403
9417 9418 9403
9403 9418 9404
9418 9419 9404
9404 9419 9405
9419 9420 9405
9405 9420 9406
9420 9421 9406
9406 9421 9407
9421 9422 9407
9407 9422 9408
9422 9423 9408
9408 9423 9409
9423 9424 9409
9409 9424 9410
9424 9425 9410
9410 9425 9411
9425 9426 9411
9411 9426 9412
9426 9427 9412
9412 9427 9413
9427 9428 9413
9413 9428 9414
9428 9429 9414
9414 9429 9415
9429 9430 9415
9415 9430 9416
9430 9431 9416
9416 9431 152
9431 151 152
120 9432 9417
9432 9433 9417
9417 9433 9418
9433 9434 9418
9418 9434 9419
9434 9435 9419
9419 9435 9420
9435 9436 9420
9420 9436 9421
9436 9437 9421
9421 9437 9422
9437 9438 9422
9422 9438 9423
9438 9439 9423
9423 9439 9424
9439 9440 9424
9424 9440 9425
9440 9441 9425
9425 9441 9426
9441 9442 9426
9426 9442 9427
9442 9443 9427
9427 9443 9428
9443 9444 9428
9428 9444 9429
9444 9445 9429
9429 9445 9430
9445 9446 9430
9430 9446 9431
9446 9447 9431
9431 9447 151
9447 150 151
121 9448 9432
9448 9449 9432
9432 9449 9433
9449 9450 9433
9433 9450 9434
9450 9451 9434
9434 9451 9435
9451 9452 9435
9435 9452 9436
9452 9453 9436
9436 9453 9437
9453 9454 9437
9437 9454 9438
9454 9455 9438
9438 9455 9439
9455 9456 9439
9439 9456 9440
9456 9457 9440
9440 9457 9441
9457 9458 9441
9441 9458 9442
9458 9459 9442
9442 9459 9443
9459 9460 9443
9443 9460 9444
9460 9461 9444
9444 9461 9445
9461 9462 9445
9445 9462 9446
9462 9463 9446
9446 9463 9447
9463 9464 9447
9447 9464 150
9464 149 150
122 9465 9448
9465 9466 9448
9448 9466 9449
9466 9467 9449
9449 9467 9450
9467 9468 9450
9450 9468 9451
9468 9469 9451
9451 9469 9452
9469 9470 9452
9452 9470 9453
9470 9471 9453
9453 9471 9454
9471 9472 9454
9454 9472 9455
9472 9473 9455
9455 9473 9456
9473 9474 9456
9456 9474 9457
9474 9475 9457
9457 9475 9458
9475 9476 9458
9458 9476 9459
9476 9477 9459
9459 9477 9460
9477 9478 9460
9460 9478 9461
9478 9479 9461
9461 9479 9462
9479 9480 9462
9462 9480 9463
9480 9481 9463
9463 9481 9464
9481 9482 9464
9464 9482 149
9482 148 149
123 9483 9465
9483 9484 9465
9465 9484 9466
9484 9485 9466
9466 9485 9467
9485 9486 9467
9467 9486 9468
9486 9487 9468
9468 9487 9469
9487 9488 9469
9469 9488 9470
9488 9489 9470
9470 9489 9471
9489 9490 9471
9471 9490 9472
9490 9491 9472
9472 9491 9473
9491 9492 9473
9473 9492 9474
9492 9493 9474
9474 9493 9475
9493 9494 9475
9475 9494 9476
9494 9495 9476
9476 9495 9477
9495 9496 9477
9477 9496 9478
9496 9497 9478
9478 9497 9479
9497 9498 9479
9479 9498 9480
9498 9499 9480
9480 9499 9481
9499 9500 9481
9481 9500 9482
9500 9501 9482
9482 9501 148
9501 147 148
124 9502 9483
9502 9503 9483
9483 9503 9484
9503 9504 9484
9484 9504 9485
9504 9505 9485
9485 9505 9486
9505 9506 9486
9486 9506 9487
9506 9507 9487
9487 9507 9488
9507 9508 9488
9488 9508 9489
9508 9509 9489
9489 9509 9490
9509 9510 9490
9490 9510 9491
9510 9511 9491
9491 9511 9492
9511 9512 9492
9492 9512 9493
9512 9513 9493
9493 9513 9494
9513 9514 9494
9494 9514 9495
9514 9515 9495
9495 9515 9496
9515 9516 9496
9496 9516 9497
9516 9517 9497
9497 9517 9498
9517 9518 9498
9498 9518 9499
9518 9519 9499
9499 9519 9500
9519 9520 9500
9500 9520 9501
9520 9521 9501
9501 9521 147
9521 146 147
9502 9523 9503
9523 9524 9503
9503 9524 9504
9524 9525 9504
9504 9525 9505
9525 9526 9505
9505 9526 9506
9526 9527 9506
9506 9527 9507
9527 9528 9507
9507 9528 9508
9528 9529 9508
9508 9529 9509
9529 9530 9509
9509 9530 9510
9530 9531 9510
9510 9531 9511
9531 9532 9511
9511 9532 9512
9532 9533 9512
9512 9533 9513
9533 9534 9513
9513 9534 9514
9534 9535 9514
9514 9535 9515
9535 9536 9515
9515 9536 9516
9536 9537 9516
9516 9537 9517
9537 9538 9517
9517 9538 9518
9538 9539 9518
9518 9539 9519
9539 9540 9519
9519 9540 9520
9540 9541 9520
9520 9541 9521
9541 9542 9521
9521 9542 146
9542 145 146
9523 9545 9524
9545 9546 9524
9524 9546 9525
9546 9547 9525
9525 9547 9526
9547 9548 9526
9526 9548 9527
9548 9549 9527
9527 9549 9528
9549 9550 9528
9528 9550 9529
9550 9551 9529
9529 9551 9530
9551 9552 9530
9530 9552 9531
9552 9553 9531
9531 9553 9532
9553 9554 9532
9532 9554 9533
9554 9555 9533
9533 9555 9534
9555 9556 9534
9534 9556 9535
9556 9557 9535
9535 9557 9536
9557 9558 9536
9536 9558 9537
9558 9559 9537
9537 9559 9538
9559 9560 9538
9538 9560 9539
9560 9561 9539
9539 9561 9540
9561 9562 9540
9540 9562 9541
9562 9563 9541
9541 9563 9542
9563 9564 9542
9542 9564 145
9564 144 145
9545 9568 9546
9568 9569 9546
9546 9569 9547
9569 9570 9547
9547 9570 9548
9570 9571 9548
9548 9571 9549
9571 9572 9549
9549 9572 9550
9572 9573 9550
9550 9573 9551
9573 9574 9551
9551 9574 9552
9574 9575 9552
9552 9575 9553
9575 9576 9553
9553 9576 9554
9576 9577 9554
9554 9577 9555
9577 9578 9555
9555 9578 9556
9578 9579 9556
9556 9579 9557
9579 9580 9557
9557 9580 9558
9580 9581 9558
9558 9581 9559
9581 9582 9559
9559 9582 9560
9582 9583 9560
9560 9583 9561
9583 9584 9561
9561 9584 9562
9584 9585 9562
9562 9585 9563
9585 9586 9563
9563 9586 9564
9586 9587 9564
9564 9587 144
9587 143 144
9571 9595 9572
9595 9596 9572
9572 9596 9573
9596 9597 9573
9573 9597 9574
9597 9598 9574
9574 9598 9575
9598 9599 9575
9575 9599 9576
9599 9600 9576
9576 9600 9577
9600 9601 9577
9577 9601 9578
9601 9602 9578
9578 9602 9579
9602 9603 9579
9579 9603 9580
9603 9604 9580
9580 9604 9581
9604 9605 9581
9581 9605 9582
9605 9606 9582
9582 9606 9583
9606 9607 9583
9583 9607 9584
9607 9608 9584
9584 9608 9585
9608 9609 9585
9585 9609 9586
9609 9610 9586
9586 9610 9587
9610 9611 9587
9587 9611 143
9611 142 143
9600 9625 9601
9625 9626 9601
9601 9626 9602
9626 9627 9602
9602 9627 9603
9627 9628 9603
9603 9628 9604
9628 9629 9604
9604 9629 9605
9629 9630 9605
9605 9630 9606
9630 9631 9606
9606 9631 9607
9631 9632 9607
9607 9632 9608
9632 9633 9608
9608 9633 9609
9633 9634 9609
9609 9634 9610
9634 9635 9610
9610 9635 9611
9635 9636 9611
9611 9636 142
9636 141 142
9625 9651 9626
9651 9652 9626
9626 9652 9627
9652 9653 9627
9627 9653 9628
9653 9654 9628
9628 9654 9629
9654 9655 9629
9629 9655 9630
9655 9656 9630
9630 9656 9631
9656 9657 9631
9631 9657 9632
9657 9658 9632
9632 9658 9633
9658 9659 9633
9633 9659 9634
9659 9660 9634
9634 9660 9635
9660 9661 9635
9635 9661 9636
9661 9662 9636
9636 9662 141
9662 140 141
9655 9682 9656
9682 9683 9656
9656 9683 9657
9683 9684 9657
9657 9684 9658
9684 9685 9658
9658 9685 9659
9685 9686 9659
9659 9686 9660
9686 9687 9660
9660 9687 9661
9687 9688 9661
9661 9688 9662
9688 9689 9662
9662 9689 140
9689 139 140
9682 9710 9683
9710 9711 9683
9683 9711 9684
9711 9712 9684
9684 9712 9685
9712 9713 9685
9685 9713 9686
9713 9714 9686
9686 9714 9687
9714 9715 9687
9687 9715 9688
9715 9716 9688
9688 9716 9689
9716 9717 9689
9689 9717 139
9717 138 139
9712 9741 9713
9741 9742 9713
9713 9742 9714
9742 9743 9714
9714 9743 9715
9743 9744 9715
9715 9744 9716
9744 9745 9716
9716 9745 9717
9745 9746 9717
9717 9746 138
9746 137 138
9744 9774 9745
9774 9775 9745
9745 9775 9746
9775 9776 9746
9746 9776 137
9776 136 137
9774 45 9775
45 44 9775
9775 44 9776
44 43 9776
9776 43 136
43 0 136
