0 259 136
846 943 847
845 945 846
844 948 845
843 952 844
842 957 843
841 963 842
840 970 841
846 945 943
945 946 943
845 948 945
948 949 945
945 949 946
844 952 948
952 953 948
948 953 949
843 957 952
957 958 952
952 958 953
958 959 953
842 963 957
963 964 957
957 964 958
964 965 958
958 965 959
841 970 963
970 971 963
963 971 964
971 972 964
964 972 965
2867 837 838
2878 2879 2867
2867 2879 837
2879 836 837
2890 2891 2878
2878 2891 2879
2891 2892 2879
2879 2892 836
2892 835 836
2890 2904 2891
2904 2905 2891
2891 2905 2892
2905 2906 2892
2892 2906 835
2906 834 835
2904 2919 2905
2919 2920 2905
2905 2920 2906
2920 2921 2906
2906 2921 834
2921 833 834
2934 2935 2919
2919 2935 2920
2935 2936 2920
2920 2936 2921
2936 2937 2921
2921 2937 833
2937 832 833
2950 2951 2934
2934 2951 2935
2951 2952 2935
2935 2952 2936
2952 2953 2936
2936 2953 2937
2953 2954 2937
2937 2954 832
2954 831 832
2950 2968 2951
2968 2969 2951
2951 2969 2952
2969 2970 2952
2952 2970 2953
2970 2971 2953
2953 2971 2954
2971 2972 2954
2954 2972 831
2972 830 831
2968 2987 2969
2987 2988 2969
2969 2988 2970
2988 2989 2970
2970 2989 2971
2989 2990 2971
2971 2990 2972
2990 2991 2972
2972 2991 830
2991 829 830
3006 3007 2987
2987 3007 2988
3007 3008 2988
2988 3008 2989
3008 3009 2989
2989 3009 2990
3009 3010 2990
2990 3010 2991
3010 3011 2991
2991 3011 829
3011 828 829
3006 3027 3007
3027 3028 3007
3007 3028 3008
3028 3029 3008
3008 3029 3009
3029 3030 3009
3009 3030 3010
3030 3031 3010
3010 3031 3011
3031 3032 3011
3011 3032 828
3032 827 828
3048 3049 3027
3027 3049 3028
3049 3050 3028
3028 3050 3029
3050 3051 3029
3029 3051 3030
3051 3052 3030
3030 3052 3031
3052 3053 3031
3031 3053 3032
3053 3054 3032
3032 3054 827
3054 826 827
3070 3071 3048
3048 3071 3049
3071 3072 3049
3049 3072 3050
3072 3073 3050
3050 3073 3051
3073 3074 3051
3051 3074 3052
3074 3075 3052
3052 3075 3053
3075 3076 3053
3053 3076 3054
3076 3077 3054
3054 3077 826
3077 825 826
3093 3094 3070
3070 3094 3071
3094 3095 3071
3071 3095 3072
3095 3096 3072
3072 3096 3073
3096 3097 3073
3073 3097 3074
3097 3098 3074
3074 3098 3075
3098 3099 3075
3075 3099 3076
3099 3100 3076
3076 3100 3077
3100 3101 3077
3077 3101 825
3101 824 825
3117 3118 3093
3093 3118 3094
3118 3119 3094
3094 3119 3095
3119 3120 3095
3095 3120 3096
3120 3121 3096
3096 3121 3097
3121 3122 3097
3097 3122 3098
3122 3123 3098
3098 3123 3099
3123 3124 3099
3099 3124 3100
3124 3125 3100
3100 3125 3101
3125 3126 3101
3101 3126 824
3126 823 824
3117 3143 3118
3143 3144 3118
3118 3144 3119
3144 3145 3119
3119 3145 3120
3145 3146 3120
3120 3146 3121
3146 3147 3121
3121 3147 3122
3147 3148 3122
3122 3148 3123
3148 3149 3123
3123 3149 3124
3149 3150 3124
3124 3150 3125
3150 3151 3125
3125 3151 3126
3151 3152 3126
3126 3152 823
3152 822 823
3143 3170 3144
3170 3171 3144
3144 3171 3145
3171 3172 3145
3145 3172 3146
3172 3173 3146
3146 3173 3147
3173 3174 3147
3147 3174 3148
3174 3175 3148
3148 3175 3149
3175 3176 3149
3149 3176 3150
3176 3177 3150
3150 3177 3151
3177 3178 3151
3151 3178 3152
3178 3179 3152
3152 3179 822
3179 821 822
3170 3198 3171
3198 3199 3171
3171 3199 3172
3199 3200 3172
3172 3200 3173
3200 3201 3173
3173 3201 3174
3201 3202 3174
3174 3202 3175
3202 3203 3175
3175 3203 3176
3203 3204 3176
3176 3204 3177
3204 3205 3177
3177 3205 3178
3205 3206 3178
3178 3206 3179
3206 3207 3179
3179 3207 821
3207 820 821
3198 3227 3199
3227 3228 3199
3199 3228 3200
3228 3229 3200
3200 3229 3201
3229 3230 3201
3201 3230 3202
3230 3231 3202
3202 3231 3203
3231 3232 3203
3203 3232 3204
3232 3233 3204
3204 3233 3205
3233 3234 3205
3205 3234 3206
3234 3235 3206
3206 3235 3207
3235 3236 3207
3207 3236 820
3236 819 820
3227 3257 3228
3257 3258 3228
3228 3258 3229
3258 3259 3229
3229 3259 3230
3259 3260 3230
3230 3260 3231
3260 3261 3231
3231 3261 3232
3261 3262 3232
3232 3262 3233
3262 3263 3233
3233 3263 3234
3263 3264 3234
3234 3264 3235
3264 3265 3235
3235 3265 3236
3265 3266 3236
3236 3266 819
3266 818 819
3257 641 3258
641 640 3258
3258 640 3259
640 639 3259
3259 639 3260
639 638 3260
3260 638 3261
638 637 3261
3261 637 3262
637 636 3262
3262 636 3263
636 635 3263
3263 635 3264
635 634 3264
3264 634 3265
634 633 3265
3265 633 3266
633 632 3266
3266 632 818
632 10 818
5379 640 641
5401 5402 5379
5379 5402 640
5402 639 640
5401 5425 5402
5425 5426 5402
5402 5426 639
5426 638 639
5425 5450 5426
5450 5451 5426
5426 5451 638
5451 637 638
5450 5476 5451
5476 5477 5451
5451 5477 637
5477 636 637
5476 5503 5477
5503 5504 5477
5477 5504 636
5504 635 636
5503 5531 5504
5531 5532 5504
5504 5532 635
5532 634 635
5531 5560 5532
5560 5561 5532
5532 5561 634
5561 633 634
5560 5590 5561
5590 5591 5561
5561 5591 633
5591 632 633
5590 323 5591
323 322 5591
5591 322 632
322 10 632
322 383 10
323 7452 322
322 7452 383
7452 382 383
323 7453 7452
7453 7454 7452
7452 7454 382
7454 381 382
7453 7456 7454
7456 7457 7454
7454 7457 381
7457 380 381
7571 368 369
7586 7587 7571
7571 7587 368
7587 367 368
7586 7603 7587
7603 7604 7587
7587 7604 367
7604 366 367
7603 7621 7604
7621 7622 7604
7604 7622 366
7622 365 366
7621 7640 7622
7640 7641 7622
7622 7641 365
7641 364 365
7640 7660 7641
7660 7661 7641
7641 7661 364
7661 363 364
7660 7681 7661
7681 7682 7661
7661 7682 363
7682 362 363
7681 7703 7682
7703 7704 7682
7682 7704 362
7704 361 362
7703 7726 7704
7726 7727 7704
7704 7727 361
7727 360 361
7749 7750 7726
7726 7750 7727
7750 7751 7727
7727 7751 360
7751 359 360
7773 7774 7749
7749 7774 7750
7774 7775 7750
7750 7775 7751
7775 7776 7751
7751 7776 359
7776 358 359
7773 7799 7774
7799 7800 7774
7774 7800 7775
7800 7801 7775
7775 7801 7776
7801 7802 7776
7776 7802 358
7802 357 358
7799 7826 7800
7826 7827 7800
7800 7827 7801
7827 7828 7801
7801 7828 7802
7828 7829 7802
7802 7829 357
7829 356 357
7853 7854 7826
7826 7854 7827
7854 7855 7827
7827 7855 7828
7855 7856 7828
7828 7856 7829
7856 7857 7829
7829 7857 356
7857 355 356
7881 7882 7853
7853 7882 7854
7882 7883 7854
7854 7883 7855
7883 7884 7855
7855 7884 7856
7884 7885 7856
7856 7885 7857
7885 7886 7857
7857 7886 355
7886 354 355
7910 7911 7881
7881 7911 7882
7911 7912 7882
7882 7912 7883
7912 7913 7883
7883 7913 7884
7913 7914 7884
7884 7914 7885
7914 7915 7885
7885 7915 7886
7915 7916 7886
7886 7916 354
7916 353 354
112 111 7910
7910 111 7911
111 110 7911
7911 110 7912
110 109 7912
7912 109 7913
109 108 7913
7913 108 7914
108 107 7914
7914 107 7915
107 106 7915
7915 106 7916
106 105 7916
7916 105 353
105 5 353
149 8053 150
148 8070 149
147 8088 148
146 8107 147
145 8127 146
144 8148 145
143 8170 144
142 8193 143
141 8217 142
140 8242 141
139 8268 140
138 8295 139
137 8323 138
136 8352 137
149 8070 8053
148 8088 8070
147 8107 8088
146 8127 8107
145 8148 8127
144 8170 8148
143 8193 8170
142 8217 8193
141 8242 8217
140 8268 8242
139 8295 8268
138 8323 8295
137 8352 8323
136 259 8352
105 166 5
106 9312 105
107 9313 106
108 9315 107
109 9318 108
110 9322 109
111 9327 110
112 9333 111
105 9312 166
9312 165 166
106 9313 9312
9313 9314 9312
9312 9314 165
9314 164 165
107 9315 9313
9315 9316 9313
9313 9316 9314
9316 9317 9314
9314 9317 164
9317 163 164
108 9318 9315
9318 9319 9315
9315 9319 9316
9319 9320 9316
9316 9320 9317
9320 9321 9317
9317 9321 163
9321 162 163
109 9322 9318
9322 9323 9318
9318 9323 9319
9323 9324 9319
9319 9324 9320
9324 9325 9320
9320 9325 9321
9325 9326 9321
9321 9326 162
9326 161 162
110 9327 9322
9327 9328 9322
9322 9328 9323
9328 9329 9323
9323 9329 9324
9329 9330 9324
9324 9330 9325
9330 9331 9325
9325 9331 9326
9331 9332 9326
9326 9332 161
9332 160 161
111 9333 9327
9333 9334 9327
9327 9334 9328
9334 9335 9328
9328 9335 9329
9335 9336 9329
9329 9336 9330
9336 9337 9330
9330 9337 9331
9337 9338 9331
9331 9338 9332
9338 9339 9332
9332 9339 160
9339 159 160
112 9340 9333
9340 9341 9333
9333 9341 9334
9341 9342 9334
9334 9342 9335
9342 9343 9335
9335 9343 9336
9343 9344 9336
9336 9344 9337
9344 9345 9337
9337 9345 9338
9345 9346 9338
9338 9346 9339
9346 9347 9339
9339 9347 159
9347 158 159
9340 9349 9341
9349 9350 9341
9341 9350 9342
9350 9351 9342
9342 9351 9343
9351 9352 9343
9343 9352 9344
9352 9353 9344
9344 9353 9345
9353 9354 9345
9345 9354 9346
9354 9355 9346
9346 9355 9347
9355 9356 9347
9347 9356 158
9356 157 158
9349 9359 9350
9359 9360 9350
9350 9360 9351
9360 9361 9351
9351 9361 9352
9361 9362 9352
9352 9362 9353
9362 9363 9353
9353 9363 9354
9363 9364 9354
9354 9364 9355
9364 9365 9355
9355 9365 9356
9365 9366 9356
9356 9366 157
9366 156 157
9363 9374 9364
9374 9375 9364
9364 9375 9365
9375 9376 9365
9365 9376 9366
9376 9377 9366
9366 9377 156
9377 155 156
9377 9389 155
9389 154 155
9389 9402 154
9402 153 154
9402 9416 153
9416 152 153
