-0.008785 -0.999596 -0.027039
0.01446 -0.998905 -0.044502
0.038484 -0.997301 -0.06252
0.063258 -0.994699 -0.081069
0.088742 -0.99101 -0.100115
0.114887 -0.98615 -0.119619
0.141628 -0.980037 -0.139529
0.168889 -0.972597 -0.159786
0.196584 -0.963763 -0.180322
0.22461 -0.953481 -0.201059
0.252859 -0.94171 -0.221912
0.281208 -0.928426 -0.242791
0.309532 -0.913622 -0.263599
0.337696 -0.897313 -0.284236
0.365566 -0.879533 -0.304603
0.398443 -0.870312 -0.289482
0.425323 -0.850654 -0.309011
0.451569 -0.829728 -0.32808
0.483198 -0.818012 -0.312053
0.508497 -0.795089 -0.330552
0.532848 -0.771153 -0.348419
0.556166 -0.746339 -0.365591
0.586573 -0.730995 -0.34868
0.616483 -0.71439 -0.331053
0.64574 -0.69656 -0.312768
0.666061 -0.669388 -0.329063
0.693744 -0.65001 -0.310171
0.720426 -0.629626 -0.290786
0.745988 -0.608329 -0.270993
0.770325 -0.586221 -0.250885
0.785844 -0.558086 -0.26644
0.799961 -0.530071 -0.281225
0.812729 -0.502301 -0.295238
0.822656 -0.473168 -0.315196
0.831545 -0.44315 -0.334891
0.839336 -0.412354 -0.354232
0.845982 -0.380899 -0.373136
0.863543 -0.353869 -0.359263
0.880456 -0.325683 -0.344569
0.884733 -0.292472 -0.362914
0.887707 -0.259032 -0.380629
0.90243 -0.228818 -0.365052
0.916143 -0.197742 -0.348682
0.928732 -0.16591 -0.331558
0.940089 -0.13344 -0.313729
0.95012 -0.100467 -0.295259
0.958748 -0.067134 -0.276217
0.96591 -0.033593 -0.256688
0.961882 -0.0 -0.273463
0.95662 0.032834 -0.289483
0.960746 0.065522 -0.269583
0.963436 0.09792 -0.249404
0.964711 0.129893 -0.229041
0.964608 0.161311 -0.208591
0.963179 0.19206 -0.188146
0.960492 0.222036 -0.167794
0.956626 0.251149 -0.147618
0.951667 0.279328 -0.127696
0.945709 0.306512 -0.108095
0.93885 0.332659 -0.088876
0.931188 0.357738 -0.070089
0.932908 0.358399 -0.035109
0.933484 0.35862 -0.0
0.923923 0.382189 0.01728
0.913845 0.404639 0.033976
0.909223 0.411588 0.06252
0.903599 0.418389 0.091975
0.896895 0.424998 0.122299
0.889036 0.431362 0.153433
0.879952 0.437431 0.185307
0.86958 0.443147 0.217833
0.857865 0.448457 0.250907
0.844763 0.453304 0.284412
0.824404 0.483239 0.294684
0.803129 0.51216 0.304428
0.782845 0.540033 0.30906
0.760973 0.568048 0.313436
0.737486 0.59607 0.317513
0.712378 0.623954 0.321246
0.685664 0.651542 0.324589
0.657381 0.67867 0.327502
0.648335 0.701679 0.295479
0.638194 0.72361 0.262864
0.627 0.744349 0.229816
0.614816 0.763799 0.196501
0.582773 0.788317 0.197311
0.569273 0.805703 0.163616
0.535743 0.828324 0.163885
0.501279 0.849624 0.163885
0.486652 0.863863 0.130045
0.471541 0.876537 0.096602
0.436303 0.894632 0.096297
0.400664 0.911198 0.095846
0.385503 0.920545 0.063114
0.370214 0.928424 0.031134
0.354881 0.934911 -0.0
0.320097 0.947385 -0.0
0.285472 0.958387 -0.0
0.265032 0.963762 -0.030336
0.244023 0.967853 -0.060929
0.222521 0.97061 -0.091653
0.188 0.977991 -0.090499
0.154152 0.984006 -0.089266
0.142287 0.988089 -0.058606
0.109831 0.992272 -0.057741
0.078239 0.995313 -0.056844
0.067882 0.997301 -0.02796
0.057805 0.998328 -0.0
0.028431 0.999596 -0.0
0.0 1.0 -0.0