0.0 -1.0 0.0
-0.008785 -0.999596 -0.027039
0.01446 -0.998905 -0.044502
0.038484 -0.997301 -0.06252
0.063258 -0.994699 -0.081069
0.054916 -0.992272 -0.111271
0.080665 -0.988089 -0.131047
0.107077 -0.982678 -0.151256
0.134084 -0.975958 -0.171837
0.161605 -0.967854 -0.192724
0.189546 -0.958303 -0.213838
0.22461 -0.953481 -0.201059
0.258962 -0.947386 -0.188145
0.289191 -0.94171 -0.171905
0.319948 -0.934675 -0.154968
0.348975 -0.920546 -0.175529
0.377837 -0.904871 -0.196079
0.406391 -0.887674 -0.216522
0.434495 -0.868999 -0.236757
0.430164 -0.860336 -0.273462
0.457049 -0.839797 -0.292995
0.451569 -0.829728 -0.32808
0.477067 -0.807634 -0.346605
0.501714 -0.784483 -0.364512
0.52542 -0.760403 -0.381735
0.519567 -0.746339 -0.415966
0.542052 -0.72079 -0.432021
0.56343 -0.69465 -0.447223
0.583663 -0.668066 -0.461547
0.602726 -0.64118 -0.474983
0.627719 -0.630855 -0.456059
0.644726 -0.604082 -0.468415
0.660579 -0.577322 -0.479933
0.6753 -0.550685 -0.490628
0.688922 -0.524273 -0.500525
0.701483 -0.498175 -0.509651
0.713028 -0.472468 -0.518039
0.723607 -0.44722 -0.525725
0.721814 -0.426466 -0.545079
0.719346 -0.404643 -0.564628
0.716145 -0.381737 -0.584306
0.734103 -0.358402 -0.57675
0.751956 -0.33393 -0.568378
0.769606 -0.308321 -0.559146
0.765331 -0.281588 -0.578771
0.76004 -0.253757 -0.598287
0.753671 -0.224869 -0.617587
0.770314 -0.195411 -0.606985
0.786394 -0.16491 -0.595306
0.801784 -0.133441 -0.582525
0.793073 -0.101096 -0.600679
0.807144 -0.068041 -0.58642
0.79653 -0.034296 -0.603625
0.809019 0.0 -0.587782
0.796356 0.034751 -0.60383
0.807043 0.069852 -0.586347
0.792255 0.105134 -0.601064
0.80099 0.140536 -0.581949
0.808389 0.17582 -0.561777
0.790807 0.210984 -0.574551
0.771907 0.245729 -0.586324
0.751799 0.279881 -0.597047
0.755927 0.313806 -0.574543
0.734189 0.346641 -0.583786
0.736541 0.379108 -0.560165
0.737693 0.410551 -0.535963
0.71426 0.440859 -0.543577
0.690211 0.469941 -0.550241
0.665697 0.497729 -0.555979
0.664989 0.525345 -0.530851
0.638851 0.551418 -0.536477
0.611275 0.577219 -0.541443
0.582317 0.602604 -0.545688
0.552053 0.627427 -0.549157
0.546813 0.654712 -0.521869
0.514612 0.678671 -0.524003
0.481362 0.701681 -0.525295
0.447209 0.723612 -0.525728
0.439075 0.749303 -0.49574
0.403652 0.769496 -0.494915
0.367738 0.788319 -0.493277
0.331521 0.805705 -0.490849
0.321415 0.828326 -0.458877
0.310765 0.849626 -0.4261
0.299624 0.869499 -0.392679
0.288051 0.887863 -0.358783
0.27611 0.904658 -0.324587
0.239488 0.916214 -0.321243
0.20332 0.926201 -0.317511
0.191534 0.939625 -0.283584
0.179668 0.95148 -0.249811
0.167781 0.961793 -0.21634
0.133353 0.967854 -0.21325
0.121993 0.975958 -0.180622
0.110764 0.982678 -0.148576
0.078262 0.98615 -0.146228
0.046724 0.988502 -0.143805
0.036848 0.992865 -0.113408
0.027221 0.996113 -0.083779
0.017862 0.998328 -0.054975
0.008785 0.999596 -0.027039
0.0 1.0 0.0