0.0 -1.0 0.0
0.023001 -0.999596 0.016711
0.046765 -0.998328 0.033976
0.071267 -0.996113 0.051778
0.096649 -0.994699 0.03511
0.122795 -0.992272 0.017843
0.149561 -0.988089 0.036221
0.176943 -0.982678 0.055095
0.204863 -0.975957 0.07442
0.233896 -0.97061 0.056645
0.262902 -0.961793 0.076403
0.292192 -0.951479 0.096495
0.32287 -0.943208 0.078193
0.353856 -0.933416 0.059329
0.384091 -0.919846 0.079731
0.414168 -0.904657 0.100303
0.443928 -0.887862 0.120949
0.473215 -0.869498 0.141568
0.504781 -0.854548 0.122247
0.535948 -0.838009 0.10247
0.564156 -0.81646 0.122964
0.591371 -0.79358 0.143218
0.617468 -0.769494 0.163132
0.642337 -0.744349 0.182614
0.665893 -0.718298 0.201581
0.693639 -0.697102 0.181423
0.71502 -0.669944 0.199803
0.734932 -0.642303 0.217537
0.753364 -0.614343 0.234576
0.777305 -0.591532 0.214211
0.799873 -0.568048 0.193712
0.821009 -0.544018 0.173175
0.840673 -0.519571 0.152694
0.858848 -0.493984 0.135496
0.876374 -0.46704 0.117648
0.888919 -0.436713 0.138216
0.900263 -0.405339 0.158831
0.91031 -0.373034 0.179393
0.91898 -0.339933 0.199803
0.926212 -0.306184 0.219959
0.94026 -0.274367 0.201581
0.953026 -0.241647 0.182614
0.957257 -0.206617 0.202405
0.95991 -0.171479 0.221739
0.961008 -0.13641 0.240533
0.960599 -0.101575 0.258713
0.968601 -0.067824 0.239191
0.975077 -0.033912 0.219258
0.979997 0.0 0.19901
0.975703 0.033489 0.216523
0.970144 0.066163 0.233331
0.972061 0.098797 0.212923
0.964711 0.129893 0.229041
0.964608 0.161311 0.208591
0.963179 0.19206 0.188146
0.960492 0.222036 0.167794
0.949931 0.255177 0.180323
0.937947 0.288293 0.192725
0.924556 0.321238 0.204944
0.909793 0.353867 0.216923
0.90374 0.380896 0.195377
0.887252 0.412351 0.206764
0.87637 0.41761 0.239952
0.857865 0.448457 0.250907
0.83829 0.478459 0.261433
0.817755 0.50751 0.271498
0.812484 0.53007 0.242687
0.792372 0.558084 0.246351
0.785216 0.5802 0.216342
0.762805 0.608327 0.219241
0.747366 0.614342 0.253038
0.722438 0.642302 0.255989
0.695906 0.669944 0.258633
0.667804 0.697102 0.260934
0.638194 0.72361 0.262864
0.60716 0.749301 0.264395
0.574813 0.774014 0.265505
0.541285 0.797597 0.266177
0.506729 0.819912 0.266403
0.493822 0.83801 0.232121
0.458185 0.858118 0.231732
0.421966 0.8767 0.23096
0.408202 0.891492 0.1965
0.394026 0.904657 0.162294
0.357601 0.919846 0.161259
0.321147 0.933417 0.159992
0.307167 0.943208 0.126518
0.271228 0.954327 0.125279
0.235662 0.963905 0.123894
0.20061 0.971997 0.122379
0.188 0.977991 0.090499
0.154152 0.984006 0.089266
0.121077 0.988738 0.087967
0.088855 0.992272 0.086612
0.078239 0.995313 0.056844
0.047568 0.997301 0.055919
0.037856 0.998905 0.027504
0.008785 0.999596 0.027039
0.0 1.0 -0.0